50 95 0.21739100000002054 208.69536000000002 208.91275100000004
38 95 0.21739100000002054 208.69536000000002 208.91275100000004
52 95 0.3260865000000024 208.91275100000004 209.23883750000005
40 95 0.3260865000000024 208.91275100000004 209.23883750000005
52 95 0.21739099999999212 209.23883750000005 209.45622850000004
40 95 0.21739099999999212 209.23883750000005 209.45622850000004
52 95 0.10869549999998185 209.45622850000004 209.56492400000002
40 95 0.10869549999998185 209.45622850000004 209.56492400000002
52 95 0.3260865000000024 209.78231500000004 210.10840150000004
40 95 0.3260865000000024 209.78231500000004 210.10840150000004
52 95 0.21739099999999212 210.10840150000004 210.32579250000003
40 95 0.21739099999999212 210.10840150000004 210.32579250000003
52 95 0.10869550000001027 210.32579250000003 210.43448800000004
40 95 0.10869550000001027 210.32579250000003 210.43448800000004
52 95 0.3260865000000024 210.65187900000004 210.97796550000004
40 95 0.3260865000000024 210.65187900000004 210.97796550000004
52 95 0.21739099999999212 210.97796550000004 211.19535650000003
40 95 0.21739099999999212 210.97796550000004 211.19535650000003
52 95 0.10869550000001027 211.19535650000003 211.30405200000004
40 95 0.10869550000001027 211.19535650000003 211.30405200000004
52 95 0.3260865000000024 211.52144300000003 211.84752950000004
40 95 0.3260865000000024 211.52144300000003 211.84752950000004
52 95 0.21739099999999212 211.84752950000004 212.06492050000003
40 95 0.21739099999999212 211.84752950000004 212.06492050000003
52 95 0.10869550000001027 212.06492050000003 212.17361600000004
40 95 0.10869550000001027 212.06492050000003 212.17361600000004
52 95 0.3260865000000024 212.39100700000003 212.71709350000003
40 95 0.3260865000000024 212.39100700000003 212.71709350000003
52 95 0.21739099999999212 212.71709350000003 212.93448450000002
40 95 0.21739099999999212 212.71709350000003 212.93448450000002
52 95 0.10869550000001027 212.93448450000002 213.04318000000004
40 95 0.10869550000001027 212.93448450000002 213.04318000000004
52 95 0.3260865000000024 213.26057100000003 213.58665750000003
40 95 0.3260865000000024 213.26057100000003 213.58665750000003
52 95 0.21739099999999212 213.58665750000003 213.80404850000002
40 95 0.21739099999999212 213.58665750000003 213.80404850000002
52 95 0.10869550000001027 213.80404850000002 213.91274400000003
40 95 0.10869550000001027 213.80404850000002 213.91274400000003
52 95 0.3260865000000024 214.13013500000002 214.45622150000003
40 95 0.3260865000000024 214.13013500000002 214.45622150000003
52 95 0.21739100000002054 214.45622150000003 214.67361250000005
40 95 0.21739100000002054 214.45622150000003 214.67361250000005
52 95 0.10869549999998185 214.67361250000005 214.78230800000003
40 95 0.10869549999998185 214.67361250000005 214.78230800000003
52 95 0.3260865000000024 214.99969900000002 215.32578550000002
40 95 0.3260865000000024 214.99969900000002 215.32578550000002
