63 95 0.21739099999999922 27.826048000000004 28.043439000000003
63 95 0.10869550000000316 28.043439000000003 28.152134500000006
63 95 0.10869549999999961 28.152134500000006 28.260830000000006
63 95 0.10869549999999961 28.369525500000005 28.478221000000005
61 95 0.10869549999999961 28.478221000000005 28.586916500000005
63 95 0.10869549999999961 28.586916500000005 28.695612000000004
63 95 0.21739099999999922 28.695612000000004 28.913003000000003
63 95 0.10869549999999961 28.913003000000003 29.021698500000003
63 95 0.10869550000000316 29.021698500000003 29.130394000000006
63 95 0.10869549999999961 29.239089500000006 29.347785000000005
61 95 0.10869549999999961 29.347785000000005 29.456480500000005
63 95 0.10869549999999961 29.456480500000005 29.565176000000005
63 95 0.21739099999999922 29.565176000000005 29.782567000000004
63 95 0.10869549999999961 29.782567000000004 29.891262500000003
63 95 0.10869549999999961 29.891262500000003 29.999958000000003
63 95 0.10869549999999961 30.108653500000006 30.217349000000006
61 95 0.10869549999999961 30.217349000000006 30.326044500000005
63 95 0.10869549999999961 30.326044500000005 30.434740000000005
63 95 0.21739099999999922 30.434740000000005 30.652131000000004
66 95 0.10869549999999961 30.652131000000004 30.760826500000004
63 95 0.10869549999999961 30.760826500000004 30.869522000000003
68 95 0.21739100000000278 30.869522000000003 31.086913000000006
66 95 0.10869549999999961 31.086913000000006 31.195608500000006
68 95 0.10869549999999961 31.195608500000006 31.304304000000005
59 95 0.21739099999999922 31.304304000000005 31.521695000000005
59 95 0.10869549999999961 31.521695000000005 31.630390500000004
59 95 0.10869549999999961 31.630390500000004 31.739086000000004
59 95 0.10869550000000316 31.847781500000004 31.956477000000007
58 95 0.10869549999999606 31.956477000000007 32.0651725
59 95 0.10869550000000316 32.0651725 32.173868000000006
59 95 0.21739099999999922 32.173868000000006 32.391259000000005
59 95 0.10869550000000316 32.391259000000005 32.49995450000001
59 95 0.10869549999999606 32.49995450000001 32.608650000000004
59 95 0.10869549999999606 32.71734550000001 32.826041000000004
58 95 0.10869550000000316 32.826041000000004 32.93473650000001
59 95 0.10869549999999606 32.93473650000001 33.043432
61 95 0.21739099999999922 33.043432 33.260823
61 95 0.10869550000000316 33.260823 33.369518500000005
61 95 0.10869550000000316 33.369518500000005 33.47821400000001
61 95 0.10869550000000316 33.586909500000004 33.69560500000001
59 95 0.10869549999999606 33.69560500000001 33.804300500000004
61 95 0.10869550000000316 33.804300500000004 33.91299600000001
63 95 0.21739099999999922 33.91299600000001 34.130387000000006
66 95 0.10869549999999606 34.130387000000006 34.2390825
63 95 0.10869550000000316 34.2390825 34.347778000000005
68 95 0.21739099999999922 34.347778000000005 34.565169000000004
66 95 0.10869550000000316 34.565169000000004 34.67386450000001
68 95 0.10869549999999606 34.67386450000001 34.782560000000004
63 95 0.21739099999999922 34.782560000000004 34.999951
63 95 0.10869550000000316 34.999951 35.108646500000006
63 95 0.10869549999999606 35.108646500000006 35.217342
63 95 0.10869550000000316 35.326037500000005 35.43473300000001
61 95 0.10869549999999606 35.43473300000001 35.543428500000005
63 95 0.10869550000000316 35.543428500000005 35.65212400000001
63 95 0.21739099999999922 35.65212400000001 35.86951500000001
63 95 0.10869549999999606 35.86951500000001 35.9782105
63 95 0.10869550000000316 35.9782105 36.086906000000006
63 95 0.10869550000000316 36.1956015 36.304297000000005
61 95 0.10869550000000316 36.304297000000005 36.41299250000001
63 95 0.10869549999999606 36.41299250000001 36.521688000000005
63 95 0.21739099999999922 36.521688000000005 36.739079000000004
63 95 0.10869550000000316 36.739079000000004 36.84777450000001
63 95 0.10869549999999606 36.84777450000001 36.95647
63 95 0.10869549999999606 37.065165500000006 37.173861
61 95 0.10869550000000316 37.173861 37.282556500000005
63 95 0.10869550000000316 37.282556500000005 37.39125200000001
63 95 0.21739099999999922 37.39125200000001 37.60864300000001
66 95 0.10869549999999606 37.60864300000001 37.717338500000004
63 95 0.10869550000000316 37.717338500000004 37.82603400000001
68 95 0.21739099999999922 37.82603400000001 38.043425000000006
66 95 0.10869550000000316 38.043425000000006 38.15212050000001
68 95 0.10869549999999606 38.15212050000001 38.260816000000005
59 95 0.21739099999999922 38.260816000000005 38.478207000000005
59 95 0.10869550000000316 38.478207000000005 38.58690250000001
59 95 0.10869549999999606 38.58690250000001 38.695598000000004
59 95 0.10869549999999606 38.80429350000001 38.912989
58 95 0.10869550000000316 38.912989 39.021684500000006
59 95 0.10869550000000316 39.021684500000006 39.13038000000001
59 95 0.21739099999999922 39.13038000000001 39.34777100000001
59 95 0.10869549999999606 39.34777100000001 39.456466500000005
59 95 0.10869550000000316 39.456466500000005 39.56516200000001
59 95 0.10869550000000316 39.673857500000004 39.78255300000001
58 95 0.10869549999999606 39.78255300000001 39.8912485
59 95 0.10869550000000316 39.8912485 39.999944000000006
61 95 0.21739099999999922 39.999944000000006 40.217335000000006
61 95 0.10869550000000316 40.217335000000006 40.32603050000001
61 95 0.10869549999999606 40.32603050000001 40.434726000000005
61 95 0.10869549999999606 40.54342150000001 40.652117000000004
59 95 0.10869550000000316 40.652117000000004 40.76081250000001
61 95 0.10869549999999606 40.76081250000001 40.869508
63 95 0.21739100000000633 40.869508 41.08689900000001
66 95 0.10869549999999606 41.08689900000001 41.195594500000006
63 95 0.10869550000000316 41.195594500000006 41.30429000000001
68 95 0.21739099999999922 41.30429000000001 41.52168100000001
66 95 0.10869549999999606 41.52168100000001 41.630376500000004
68 95 0.10869550000000316 41.630376500000004 41.73907200000001
63 95 0.21739099999999922 41.73907200000001 41.95646300000001
63 95 0.10869550000000316 41.95646300000001 42.06515850000001
63 95 0.10869549999999606 42.06515850000001 42.173854000000006
63 95 0.10869549999999606 42.28254950000001 42.391245000000005
61 95 0.10869550000000316 42.391245000000005 42.49994050000001
63 95 0.10869549999999606 42.49994050000001 42.608636000000004
63 95 0.21739099999999922 42.608636000000004 42.826027
63 95 0.10869550000000316 42.826027 42.93472250000001
63 95 0.10869550000000316 42.93472250000001 43.04341800000001
63 95 0.10869550000000316 43.152113500000006 43.26080900000001
61 95 0.10869549999999606 43.26080900000001 43.369504500000005
63 95 0.10869550000000316 43.369504500000005 43.47820000000001
63 95 0.21739099999999922 43.47820000000001 43.69559100000001
63 95 0.10869549999999606 43.69559100000001 43.8042865
63 95 0.10869550000000316 43.8042865 43.91298200000001
63 95 0.10869549999999606 44.02167750000001 44.130373000000006
61 95 0.10869550000000316 44.130373000000006 44.23906850000001
63 95 0.10869549999999606 44.23906850000001 44.347764000000005
63 95 0.21739099999999922 44.347764000000005 44.565155000000004
66 95 0.10869550000000316 44.565155000000004 44.67385050000001
63 95 0.10869549999999606 44.67385050000001 44.782546
68 95 0.21739100000000633 44.782546 44.99993700000001
66 95 0.10869549999999606 44.99993700000001 45.108632500000006
68 95 0.10869550000000316 45.108632500000006 45.21732800000001
59 95 0.21739099999999922 45.21732800000001 45.43471900000001
59 95 0.10869549999999606 45.43471900000001 45.543414500000004
59 95 0.10869550000000316 45.543414500000004 45.65211000000001
59 95 0.10869550000000316 45.760805500000004 45.86950100000001
58 95 0.10869550000000316 45.86950100000001 45.97819650000001
59 95 0.10869549999999606 45.97819650000001 46.086892000000006
59 95 0.21739099999999922 46.086892000000006 46.304283000000005
59 95 0.10869550000000316 46.304283000000005 46.41297850000001
59 95 0.10869549999999606 46.41297850000001 46.521674000000004
59 95 0.10869550000000316 46.63036950000001 46.73906500000001
58 95 0.10869549999999606 46.73906500000001 46.84776050000001
59 95 0.10869550000000316 46.84776050000001 46.95645600000001
61 95 0.21739099999999922 46.95645600000001 47.17384700000001
61 95 0.10869549999999606 47.17384700000001 47.282542500000005
61 95 0.10869550000000316 47.282542500000005 47.39123800000001
61 95 0.10869550000000316 47.499933500000004 47.60862900000001
59 95 0.10869550000000316 47.60862900000001 47.71732450000001
61 95 0.10869549999999606 47.71732450000001 47.82602000000001
63 95 0.21739099999999922 47.82602000000001 48.043411000000006
66 95 0.10869550000000316 48.043411000000006 48.15210650000001
63 95 0.10869549999999606 48.15210650000001 48.260802000000005
68 95 0.21739099999999922 48.260802000000005 48.478193000000005
66 95 0.10869550000000316 48.478193000000005 48.58688850000001
68 95 0.10869550000000316 48.58688850000001 48.69558400000001
63 95 0.21739099999999922 48.69558400000001 48.91297500000001
63 95 0.10869549999999606 48.91297500000001 49.021670500000006
63 95 0.10869550000000316 49.021670500000006 49.13036600000001
63 95 0.10869550000000316 49.239061500000005 49.34775700000001
61 95 0.10869549999999606 49.34775700000001 49.456452500000005
63 95 0.10869550000000316 49.456452500000005 49.56514800000001
63 95 0.21739099999999922 49.56514800000001 49.78253900000001
63 95 0.10869550000000316 49.78253900000001 49.89123450000001
63 95 0.10869549999999606 49.89123450000001 49.999930000000006
63 95 0.10869549999999606 50.10862550000001 50.217321000000005
61 95 0.10869550000000316 50.217321000000005 50.32601650000001
63 95 0.10869549999999606 50.32601650000001 50.434712000000005
63 95 0.21739100000000633 50.434712000000005 50.65210300000001
63 95 0.10869549999999606 50.65210300000001 50.76079850000001
63 95 0.10869550000000316 50.76079850000001 50.86949400000001
63 95 0.10869550000000316 50.978189500000006 51.08688500000001
61 95 0.10869549999999606 51.08688500000001 51.195580500000005
63 95 0.10869550000000316 51.195580500000005 51.30427600000001
63 95 0.21739099999999922 51.30427600000001 51.52166700000001
66 95 0.10869550000000316 51.52166700000001 51.63036250000001
63 95 0.10869549999999606 51.63036250000001 51.73905800000001
68 95 0.21739099999999922 51.73905800000001 51.956449000000006
66 95 0.10869550000000316 51.956449000000006 52.06514450000001
68 95 0.10869549999999606 52.06514450000001 52.173840000000006
59 95 0.21739099999999922 52.173840000000006 52.391231000000005
59 95 0.10869550000000316 52.391231000000005 52.49992650000001
59 95 0.10869550000000316 52.49992650000001 52.60862200000001
59 95 0.10869550000000316 52.71731750000001 52.82601300000001
58 95 0.10869549999999606 52.82601300000001 52.934708500000006
59 95 0.10869550000000316 52.934708500000006 53.04340400000001
59 95 0.21739099999999922 53.04340400000001 53.26079500000001
59 95 0.10869549999999606 53.26079500000001 53.369490500000005
59 95 0.10869550000000316 53.369490500000005 53.47818600000001
59 95 0.10869549999999606 53.58688150000001 53.69557700000001
58 95 0.10869550000000316 53.69557700000001 53.80427250000001
59 95 0.10869549999999606 53.80427250000001 53.912968000000006
61 95 0.21739099999999922 53.912968000000006 54.130359000000006
61 95 0.21739100000000633 54.130359000000006 54.34775000000001
63 95 0.21739099999999922 54.34775000000001 54.56514100000001
63 95 0.21739099999999922 54.56514100000001 54.78253200000001
65 95 0.21739099999999922 54.78253200000001 54.99992300000001
65 95 0.21739099999999922 54.99992300000001 55.21731400000001
66 95 0.21739099999999922 55.21731400000001 55.43470500000001
66 95 0.21739099999999922 55.43470500000001 55.65209600000001
59 95 0.21739099999999922 55.65209600000001 55.86948700000001
59 95 0.10869550000000316 55.86948700000001 55.97818250000001
59 95 0.10869549999999606 55.97818250000001 56.086878000000006
59 95 0.10869550000000316 56.19557350000001 56.30426900000001
58 95 0.10869549999999606 56.30426900000001 56.41296450000001
59 95 0.10869550000000316 56.41296450000001 56.52166000000001
59 95 0.21739099999999922 56.52166000000001 56.73905100000001
59 95 0.10869549999999606 56.73905100000001 56.84774650000001
59 95 0.10869550000000316 56.84774650000001 56.95644200000001
59 95 0.10869550000000316 57.065137500000006 57.17383300000001
58 95 0.10869550000000316 57.17383300000001 57.28252850000001
59 95 0.10869549999999606 57.28252850000001 57.39122400000001
61 95 0.21739099999999922 57.39122400000001 57.60861500000001
61 95 0.10869550000000316 57.60861500000001 57.71731050000001
61 95 0.10869549999999606 57.71731050000001 57.82600600000001
61 95 0.10869549999999606 57.93470150000001 58.043397000000006
59 95 0.10869550000000316 58.043397000000006 58.15209250000001
61 95 0.10869550000000316 58.15209250000001 58.26078800000001
61 95 0.21739099999999922 58.26078800000001 58.47817900000001
64 95 0.10869549999999606 58.47817900000001 58.58687450000001
61 95 0.10869550000000316 58.58687450000001 58.69557000000001
66 95 0.21739099999999922 58.69557000000001 58.91296100000001
64 95 0.10869549999999606 58.91296100000001 59.021656500000006
66 95 0.10869550000000316 59.021656500000006 59.13035200000001
63 95 0.21739099999999922 59.13035200000001 59.34774300000001
63 95 0.10869550000000316 59.34774300000001 59.45643850000001
63 95 0.10869549999999606 59.45643850000001 59.56513400000001
63 95 0.10869549999999606 59.67382950000001 59.78252500000001
61 95 0.10869550000000316 59.78252500000001 59.89122050000001
63 95 0.10869549999999606 59.89122050000001 59.999916000000006
63 95 0.21739100000000633 59.999916000000006 60.21730700000001
63 95 0.10869549999999606 60.21730700000001 60.32600250000001
63 95 0.10869550000000316 60.32600250000001 60.43469800000001
63 95 0.10869550000000316 60.54339350000001 60.65208900000001
61 95 0.10869549999999606 60.65208900000001 60.76078450000001
63 95 0.10869550000000316 60.76078450000001 60.86948000000001
63 95 0.21739099999999922 60.86948000000001 61.08687100000001
63 95 0.10869550000000316 61.08687100000001 61.19556650000001
63 95 0.10869549999999606 61.19556650000001 61.30426200000001
63 95 0.10869549999999606 61.41295750000001 61.52165300000001
61 95 0.10869550000000316 61.52165300000001 61.63034850000001
63 95 0.10869549999999606 61.63034850000001 61.73904400000001
63 95 0.21739099999999922 61.73904400000001 61.956435000000006
66 95 0.10869550000000316 61.956435000000006 62.06513050000001
63 95 0.10869550000000316 62.06513050000001 62.17382600000001
68 95 0.21739099999999922 62.17382600000001 62.39121700000001
66 95 0.10869549999999606 62.39121700000001 62.49991250000001
68 95 0.10869550000000316 62.49991250000001 62.60860800000001
59 95 0.21739099999999922 62.60860800000001 62.82599900000001
59 95 0.10869550000000316 62.82599900000001 62.93469450000001
59 95 0.10869549999999606 62.93469450000001 63.04339000000001
59 95 0.10869549999999606 63.15208550000001 63.26078100000001
58 95 0.10869550000000316 63.26078100000001 63.36947650000001
59 95 0.10869549999999606 63.36947650000001 63.47817200000001
59 95 0.21739099999999922 63.47817200000001 63.69556300000001
59 95 0.10869550000000316 63.69556300000001 63.80425850000001
59 95 0.10869550000000316 63.80425850000001 63.91295400000001
59 95 0.10869549999999606 64.02164950000001 64.130345
58 95 0.10869550000001027 64.130345 64.23904050000002
59 95 0.10869549999999606 64.23904050000002 64.34773600000001
61 95 0.21739099999999212 64.34773600000001 64.565127
61 95 0.10869550000001027 64.565127 64.67382250000001
61 95 0.10869549999999606 64.67382250000001 64.78251800000001
61 95 0.10869550000001027 64.8912135 64.99990900000002
59 95 0.10869549999999606 64.99990900000002 65.10860450000001
61 95 0.10869549999999606 65.10860450000001 65.21730000000001
61 95 0.21739100000000633 65.21730000000001 65.43469100000002
64 95 0.10869549999999606 65.43469100000002 65.54338650000001
61 95 0.10869549999999606 65.54338650000001 65.65208200000001
66 95 0.21739100000000633 65.65208200000001 65.86947300000001
64 95 0.10869549999999606 65.86947300000001 65.97816850000001
66 95 0.10869549999999606 65.97816850000001 66.086864
63 95 0.21739100000000633 66.086864 66.30425500000001
63 95 0.10869549999999606 66.30425500000001 66.41295050000001
63 95 0.10869549999999606 66.41295050000001 66.521646
63 95 0.10869549999999606 66.63034150000001 66.73903700000001
61 95 0.10869549999999606 66.73903700000001 66.8477325
63 95 0.10869550000001027 66.8477325 66.95642800000002
63 95 0.21739099999999212 66.95642800000002 67.17381900000001
63 95 0.10869549999999606 67.17381900000001 67.2825145
63 95 0.10869550000001027 67.2825145 67.39121000000002
63 95 0.10869549999999606 67.49990550000001 67.60860100000001
61 95 0.10869550000001027 67.60860100000001 67.71729650000002
63 95 0.10869549999999606 67.71729650000002 67.82599200000001
63 95 0.21739099999999212 67.82599200000001 68.043383
63 95 0.10869550000001027 68.043383 68.15207850000002
63 95 0.10869549999999606 68.15207850000002 68.26077400000001
63 95 0.10869549999999606 68.36946950000001 68.478165
61 95 0.10869550000001027 68.478165 68.58686050000001
63 95 0.10869549999999606 68.58686050000001 68.69555600000001
63 95 0.21739100000000633 68.69555600000001 68.91294700000002
66 95 0.10869549999999606 68.91294700000002 69.02164250000001
63 95 0.10869549999999606 69.02164250000001 69.13033800000001
68 95 0.21739100000000633 69.13033800000001 69.34772900000002
66 95 0.10869549999999606 69.34772900000002 69.45642450000001
68 95 0.10869549999999606 69.45642450000001 69.56512000000001
59 95 0.21739100000000633 69.56512000000001 69.78251100000001
59 95 0.10869549999999606 69.78251100000001 69.89120650000001
59 95 0.10869549999999606 69.89120650000001 69.999902
59 95 0.10869549999999606 70.10859750000002 70.21729300000001
58 95 0.10869549999999606 70.21729300000001 70.32598850000001
59 95 0.10869549999999606 70.32598850000001 70.434684
59 95 0.21739100000000633 70.434684 70.65207500000001
59 95 0.10869549999999606 70.65207500000001 70.7607705
59 95 0.10869550000001027 70.7607705 70.86946600000002
59 95 0.10869549999999606 70.97816150000001 71.08685700000001
58 95 0.10869549999999606 71.08685700000001 71.1955525
59 95 0.10869550000001027 71.1955525 71.30424800000002
61 95 0.21739099999999212 71.30424800000002 71.52163900000001
61 95 0.10869550000001027 71.52163900000001 71.63033450000002
61 95 0.10869549999999606 71.63033450000002 71.73903000000001
61 95 0.10869549999999606 71.84772550000001 71.956421
59 95 0.10869550000001027 71.956421 72.06511650000002
61 95 0.10869549999999606 72.06511650000002 72.17381200000001
61 95 0.21739099999999212 72.17381200000001 72.391203
64 95 0.10869550000001027 72.391203 72.49989850000001
61 95 0.10869549999999606 72.49989850000001 72.60859400000001
66 95 0.21739100000000633 72.60859400000001 72.82598500000002
64 95 0.10869549999999606 72.82598500000002 72.93468050000001
66 95 0.10869549999999606 72.93468050000001 73.04337600000001
63 95 0.21739100000000633 73.04337600000001 73.26076700000002
63 95 0.10869549999999606 73.26076700000002 73.36946250000001
63 95 0.10869549999999606 73.36946250000001 73.47815800000001
63 95 0.10869549999999606 73.58685350000002 73.69554900000001
61 95 0.10869549999999606 73.69554900000001 73.80424450000001
63 95 0.10869549999999606 73.80424450000001 73.91294
63 95 0.21739100000000633 73.91294 74.13033100000001
63 95 0.10869549999999606 74.13033100000001 74.23902650000001
63 95 0.10869549999999606 74.23902650000001 74.347722
63 95 0.10869549999999606 74.45641750000001 74.56511300000001
61 95 0.10869549999999606 74.56511300000001 74.6738085
63 95 0.10869550000001027 74.6738085 74.78250400000002
63 95 0.21739099999999212 74.78250400000002 74.99989500000001
63 95 0.10869549999999606 74.99989500000001 75.1085905
63 95 0.10869550000001027 75.1085905 75.21728600000002
63 95 0.10869549999999606 75.32598150000001 75.43467700000001
61 95 0.10869550000001027 75.43467700000001 75.54337250000002
63 95 0.10869549999999606 75.54337250000002 75.65206800000001
63 95 0.21739099999999212 75.65206800000001 75.869459
66 95 0.10869550000001027 75.869459 75.97815450000002
63 95 0.10869549999999606 75.97815450000002 76.08685000000001
68 95 0.21739100000000633 76.08685000000001 76.30424100000002
66 95 0.10869549999999606 76.30424100000002 76.41293650000001
68 95 0.10869549999999606 76.41293650000001 76.52163200000001
59 95 0.21739100000000633 76.52163200000001 76.73902300000002
59 95 0.10869549999999606 76.73902300000002 76.84771850000001
59 95 0.10869549999999606 76.84771850000001 76.95641400000001
59 95 0.10869550000001027 77.0651095 77.17380500000002
58 95 0.10869549999999606 77.17380500000002 77.28250050000001
59 95 0.10869549999999606 77.28250050000001 77.39119600000001
59 95 0.21739100000000633 77.39119600000001 77.60858700000001
59 95 0.10869549999999606 77.60858700000001 77.71728250000001
59 95 0.10869549999999606 77.71728250000001 77.825978
59 95 0.10869549999999606 77.93467350000002 78.04336900000001
58 95 0.10869549999999606 78.04336900000001 78.15206450000001
59 95 0.10869550000001027 78.15206450000001 78.26076000000002
61 95 0.21739099999999212 78.26076000000002 78.47815100000001
61 95 0.10869549999999606 78.47815100000001 78.58684650000001
61 95 0.10869550000001027 78.58684650000001 78.69554200000002
61 95 0.10869549999999606 78.80423750000001 78.91293300000001
59 95 0.10869549999999606 78.91293300000001 79.0216285
61 95 0.10869550000001027 79.0216285 79.13032400000002
61 95 0.21739099999999212 79.13032400000002 79.34771500000001
64 95 0.10869550000001027 79.34771500000001 79.45641050000002
61 95 0.10869549999999606 79.45641050000002 79.56510600000001
66 95 0.21739099999999212 79.56510600000001 79.782497
64 95 0.10869550000001027 79.782497 79.89119250000002
66 95 0.10869549999999606 79.89119250000002 79.99988800000001
63 95 0.21739100000000633 79.99988800000001 80.21727900000002
63 95 0.10869549999999606 80.21727900000002 80.32597450000002
63 95 0.10869549999999606 80.32597450000002 80.43467000000001
63 95 0.10869550000001027 80.54336550000001 80.65206100000002
61 95 0.10869549999999606 80.65206100000002 80.76075650000001
63 95 0.10869549999999606 80.76075650000001 80.86945200000001
63 95 0.21739100000000633 80.86945200000001 81.08684300000002
63 95 0.10869549999999606 81.08684300000002 81.19553850000001
63 95 0.10869549999999606 81.19553850000001 81.30423400000001
63 95 0.10869549999999606 81.41292950000002 81.52162500000001
61 95 0.10869549999999606 81.52162500000001 81.63032050000001
63 95 0.10869549999999606 81.63032050000001 81.739016
63 95 0.21739100000000633 81.739016 81.95640700000001
63 95 0.10869549999999606 81.95640700000001 82.06510250000001
63 95 0.10869550000001027 82.06510250000001 82.17379800000002
63 95 0.10869549999999606 82.28249350000002 82.39118900000001
61 95 0.10869549999999606 82.39118900000001 82.49988450000001
63 95 0.10869550000001027 82.49988450000001 82.60858000000002
68 95 0.43478199999999845 82.60858000000002 83.04336200000002
66 95 0.43478199999999845 83.04336200000002 83.47814400000001
63 95 0.21739100000000633 111.30419200000001 111.52158300000002
63 95 0.10869549999999606 111.52158300000002 111.63027850000002
63 95 0.10869549999999606 111.63027850000002 111.73897400000001
63 95 0.10869549999999606 111.84766950000002 111.95636500000002
61 95 0.10869549999999606 111.95636500000002 112.06506050000002
63 95 0.10869549999999606 112.06506050000002 112.17375600000001
63 95 0.21739100000000633 112.17375600000001 112.39114700000002
63 95 0.10869549999999606 112.39114700000002 112.49984250000001
63 95 0.10869550000001027 112.49984250000001 112.60853800000002
63 95 0.10869549999999606 112.71723350000002 112.82592900000002
61 95 0.10869549999999606 112.82592900000002 112.93462450000001
63 95 0.10869550000001027 112.93462450000001 113.04332000000002
63 95 0.21739099999999212 113.04332000000002 113.26071100000001
63 95 0.10869549999999606 113.26071100000001 113.36940650000001
63 95 0.10869550000001027 113.36940650000001 113.47810200000002
63 95 0.10869549999999606 113.58679750000002 113.69549300000001
61 95 0.10869550000001027 113.69549300000001 113.80418850000002
63 95 0.10869549999999606 113.80418850000002 113.91288400000002
63 95 0.21739099999999212 113.91288400000002 114.13027500000001
66 95 0.10869550000001027 114.13027500000001 114.23897050000002
63 95 0.10869549999999606 114.23897050000002 114.34766600000002
68 95 0.21739100000000633 114.34766600000002 114.56505700000002
66 95 0.10869549999999606 114.56505700000002 114.67375250000002
68 95 0.10869549999999606 114.67375250000002 114.78244800000002
63 95 0.21739100000000633 114.78244800000002 114.99983900000002
63 95 0.10869549999999606 114.99983900000002 115.10853450000002
63 95 0.10869549999999606 115.10853450000002 115.21723000000001
63 95 0.10869550000001027 115.32592550000001 115.43462100000002
61 95 0.10869549999999606 115.43462100000002 115.54331650000002
63 95 0.10869549999999606 115.54331650000002 115.65201200000001
63 95 0.21739100000000633 115.65201200000001 115.86940300000002
63 95 0.10869549999999606 115.86940300000002 115.97809850000002
63 95 0.10869549999999606 115.97809850000002 116.08679400000001
63 95 0.10869549999999606 116.19548950000002 116.30418500000002
61 95 0.10869549999999606 116.30418500000002 116.41288050000001
63 95 0.10869550000001027 116.41288050000001 116.52157600000002
63 95 0.21739099999999212 116.52157600000002 116.73896700000002
63 95 0.10869549999999606 116.73896700000002 116.84766250000001
63 95 0.10869550000001027 116.84766250000001 116.95635800000002
63 95 0.10869549999999606 117.06505350000002 117.17374900000002
61 95 0.10869550000001027 117.17374900000002 117.28244450000003
63 95 0.10869549999999606 117.28244450000003 117.39114000000002
68 95 0.21739099999999212 117.39114000000002 117.60853100000001
66 95 0.10869550000001027 117.60853100000001 117.71722650000002
68 95 0.10869549999999606 117.71722650000002 117.82592200000002
66 95 0.21739099999999212 117.82592200000002 118.04331300000001
63 95 0.10869550000001027 118.04331300000001 118.15200850000002
66 95 0.10869549999999606 118.15200850000002 118.26070400000002
63 95 0.21739100000000633 118.26070400000002 118.47809500000002
63 95 0.10869549999999606 118.47809500000002 118.58679050000002
63 95 0.10869549999999606 118.58679050000002 118.69548600000002
63 95 0.10869550000001027 118.80418150000001 118.91287700000002
61 95 0.10869549999999606 118.91287700000002 119.02157250000002
63 95 0.10869549999999606 119.02157250000002 119.13026800000002
63 95 0.21739100000000633 119.13026800000002 119.34765900000002
63 95 0.10869549999999606 119.34765900000002 119.45635450000002
63 95 0.10869549999999606 119.45635450000002 119.56505000000001
63 95 0.10869549999999606 119.67374550000002 119.78244100000002
61 95 0.10869549999999606 119.78244100000002 119.89113650000002
63 95 0.10869549999999606 119.89113650000002 119.99983200000001
63 95 0.21739100000000633 119.99983200000001 120.21722300000002
63 95 0.10869549999999606 120.21722300000002 120.32591850000001
63 95 0.10869550000001027 120.32591850000001 120.43461400000002
63 95 0.10869549999999606 120.54330950000002 120.65200500000002
61 95 0.10869549999999606 120.65200500000002 120.76070050000001
63 95 0.10869550000001027 120.76070050000001 120.86939600000002
63 95 0.21739099999999212 120.86939600000002 121.08678700000002
66 95 0.10869550000001027 121.08678700000002 121.19548250000003
63 95 0.10869549999999606 121.19548250000003 121.30417800000002
68 95 0.21739099999999212 121.30417800000002 121.52156900000001
66 95 0.10869550000001027 121.52156900000001 121.63026450000002
68 95 0.10869549999999606 121.63026450000002 121.73896000000002
63 95 0.21739099999999212 121.73896000000002 121.95635100000001
63 95 0.10869550000001027 121.95635100000001 122.06504650000002
63 95 0.10869549999999606 122.06504650000002 122.17374200000002
63 95 0.10869550000001027 122.28243750000001 122.39113300000002
61 95 0.10869549999999606 122.39113300000002 122.49982850000002
63 95 0.10869549999999606 122.49982850000002 122.60852400000002
63 95 0.21739100000000633 122.60852400000002 122.82591500000002
63 95 0.10869549999999606 122.82591500000002 122.93461050000002
63 95 0.10869549999999606 122.93461050000002 123.04330600000002
63 95 0.10869549999999606 123.15200150000003 123.26069700000002
61 95 0.10869549999999606 123.26069700000002 123.36939250000002
63 95 0.10869549999999606 123.36939250000002 123.47808800000001
63 95 0.21739100000000633 123.47808800000001 123.69547900000002
63 95 0.10869549999999606 123.69547900000002 123.80417450000002
63 95 0.10869549999999606 123.80417450000002 123.91287000000001
63 95 0.10869549999999606 124.02156550000002 124.13026100000002
61 95 0.10869549999999606 124.13026100000002 124.23895650000001
63 95 0.10869550000001027 124.23895650000001 124.34765200000002
68 95 0.21739099999999212 124.34765200000002 124.56504300000002
66 95 0.10869549999999606 124.56504300000002 124.67373850000001
68 95 0.10869550000001027 124.67373850000001 124.78243400000002
66 95 0.21739099999999212 124.78243400000002 124.99982500000002
63 95 0.10869550000001027 124.99982500000002 125.10852050000003
66 95 0.10869549999999606 125.10852050000003 125.21721600000002
63 95 0.21739099999999212 125.21721600000002 125.43460700000001
63 95 0.10869550000001027 125.43460700000001 125.54330250000002
63 95 0.10869549999999606 125.54330250000002 125.65199800000002
63 95 0.10869550000001027 125.76069350000002 125.86938900000003
61 95 0.10869549999999606 125.86938900000003 125.97808450000002
63 95 0.10869549999999606 125.97808450000002 126.08678000000002
63 95 0.21739100000000633 126.08678000000002 126.30417100000003
63 95 0.10869549999999606 126.30417100000003 126.41286650000002
63 95 0.10869549999999606 126.41286650000002 126.52156200000002
63 95 0.10869550000001027 126.63025750000001 126.73895300000002
61 95 0.10869549999999606 126.73895300000002 126.84764850000002
63 95 0.10869549999999606 126.84764850000002 126.95634400000002
63 95 0.21739100000000633 126.95634400000002 127.17373500000002
63 95 0.10869549999999606 127.17373500000002 127.28243050000002
63 95 0.10869549999999606 127.28243050000002 127.39112600000001
63 95 0.10869549999999606 127.49982150000002 127.60851700000002
61 95 0.10869549999999606 127.60851700000002 127.71721250000002
63 95 0.10869550000001027 127.71721250000002 127.82590800000003
63 95 0.21739099999999212 127.82590800000003 128.04329900000002
66 95 0.10869550000001027 128.04329900000002 128.15199450000003
63 95 0.10869549999998185 128.15199450000003 128.26069
68 95 0.21739100000002054 128.26069 128.47808100000003
66 95 0.10869549999998185 128.47808100000003 128.5867765
68 95 0.10869550000001027 128.5867765 128.69547200000002
59 95 0.21739099999999212 128.69547200000002 128.91286300000002
59 95 0.10869550000001027 128.91286300000002 129.02155850000003
59 95 0.10869549999998185 129.02155850000003 129.130254
59 95 0.10869550000001027 129.23894950000002 129.34764500000003
58 95 0.10869549999998185 129.34764500000003 129.4563405
59 95 0.10869550000001027 129.4563405 129.56503600000002
59 95 0.21739099999999212 129.56503600000002 129.782427
59 95 0.10869550000001027 129.782427 129.89112250000002
59 95 0.10869550000001027 129.89112250000002 129.99981800000003
59 95 0.10869550000001027 130.10851350000002 130.21720900000003
58 95 0.10869549999998185 130.21720900000003 130.3259045
59 95 0.10869550000001027 130.3259045 130.43460000000002
61 95 0.21739099999999212 130.43460000000002 130.651991
61 95 0.10869550000001027 130.651991 130.76068650000002
61 95 0.10869550000001027 130.76068650000002 130.86938200000003
61 95 0.10869550000001027 130.9780775 131.08677300000002
59 95 0.10869550000001027 131.08677300000002 131.19546850000003
61 95 0.10869549999998185 131.19546850000003 131.30416400000001
63 95 0.21739099999999212 131.30416400000001 131.521555
66 95 0.10869550000001027 131.521555 131.63025050000002
63 95 0.10869550000001027 131.63025050000002 131.73894600000003
68 95 0.21739099999999212 131.73894600000003 131.95633700000002
66 95 0.10869550000001027 131.95633700000002 132.06503250000003
68 95 0.10869549999998185 132.06503250000003 132.173728
63 95 0.21739100000002054 132.173728 132.39111900000003
63 95 0.10869549999998185 132.39111900000003 132.4998145
63 95 0.10869550000001027 132.4998145 132.60851000000002
63 95 0.10869549999998185 132.71720550000003 132.82590100000002
61 95 0.10869550000001027 132.82590100000002 132.93459650000003
63 95 0.10869549999998185 132.93459650000003 133.043292
63 95 0.21739100000002054 133.043292 133.26068300000003
63 95 0.10869549999998185 133.26068300000003 133.3693785
63 95 0.10869550000001027 133.3693785 133.47807400000002
63 95 0.10869549999998185 133.58676950000003 133.695465
61 95 0.10869550000001027 133.695465 133.80416050000002
63 95 0.10869550000001027 133.80416050000002 133.91285600000003
63 95 0.21739099999999212 133.91285600000003 134.13024700000003
63 95 0.10869549999998185 134.13024700000003 134.2389425
63 95 0.10869550000001027 134.2389425 134.34763800000002
63 95 0.10869549999998185 134.45633350000003 134.565029
61 95 0.10869550000001027 134.565029 134.67372450000002
63 95 0.10869550000001027 134.67372450000002 134.78242000000003
63 95 0.21739099999999212 134.78242000000003 134.99981100000002
66 95 0.10869550000001027 134.99981100000002 135.10850650000003
63 95 0.10869549999998185 135.10850650000003 135.21720200000001
68 95 0.21739100000002054 135.21720200000001 135.43459300000004
66 95 0.10869549999998185 135.43459300000004 135.54328850000002
68 95 0.10869550000001027 135.54328850000002 135.65198400000003
59 95 0.21739099999999212 135.65198400000003 135.86937500000002
59 95 0.10869550000001027 135.86937500000002 135.97807050000003
59 95 0.10869549999998185 135.97807050000003 136.086766
59 95 0.10869550000001027 136.19546150000002 136.30415700000003
58 95 0.10869549999998185 136.30415700000003 136.4128525
59 95 0.10869550000001027 136.4128525 136.52154800000002
59 95 0.21739099999999212 136.52154800000002 136.73893900000002
59 95 0.10869550000001027 136.73893900000002 136.84763450000003
59 95 0.10869549999998185 136.84763450000003 136.95633
59 95 0.10869550000001027 137.06502550000002 137.17372100000003
58 95 0.10869549999998185 137.17372100000003 137.2824165
59 95 0.10869550000001027 137.2824165 137.39111200000002
61 95 0.21739099999999212 137.39111200000002 137.608503
61 95 0.10869550000001027 137.608503 137.71719850000002
61 95 0.10869550000001027 137.71719850000002 137.82589400000003
61 95 0.10869550000001027 137.93458950000002 138.04328500000003
59 95 0.10869549999998185 138.04328500000003 138.1519805
61 95 0.10869550000001027 138.1519805 138.26067600000002
63 95 0.21739099999999212 138.26067600000002 138.478067
66 95 0.10869550000001027 138.478067 138.58676250000002
63 95 0.10869550000001027 138.58676250000002 138.69545800000003
68 95 0.21739099999999212 138.69545800000003 138.91284900000002
66 95 0.10869550000001027 138.91284900000002 139.02154450000003
68 95 0.10869549999998185 139.02154450000003 139.13024000000001
63 95 0.21739100000002054 139.13024000000001 139.34763100000004
63 95 0.10869549999998185 139.34763100000004 139.45632650000002
63 95 0.10869550000001027 139.45632650000002 139.56502200000003
63 95 0.10869550000001027 139.6737175 139.78241300000002
61 95 0.10869550000001027 139.78241300000002 139.89110850000003
63 95 0.10869549999998185 139.89110850000003 139.999804
63 95 0.21739100000002054 139.999804 140.21719500000003
63 95 0.10869549999998185 140.21719500000003 140.3258905
63 95 0.10869550000001027 140.3258905 140.43458600000002
63 95 0.10869549999998185 140.54328150000003 140.65197700000002
61 95 0.10869550000001027 140.65197700000002 140.76067250000003
63 95 0.10869549999998185 140.76067250000003 140.869368
63 95 0.21739100000002054 140.869368 141.08675900000003
63 95 0.10869549999998185 141.08675900000003 141.1954545
63 95 0.10869550000001027 141.1954545 141.30415000000002
63 95 0.10869549999998185 141.41284550000003 141.521541
61 95 0.10869550000001027 141.521541 141.63023650000002
63 95 0.10869550000001027 141.63023650000002 141.73893200000003
63 95 0.21739099999999212 141.73893200000003 141.95632300000003
66 95 0.10869550000001027 141.95632300000003 142.06501850000004
63 95 0.10869549999998185 142.06501850000004 142.17371400000002
68 95 0.21739099999999212 142.17371400000002 142.391105
66 95 0.10869550000001027 142.391105 142.49980050000002
68 95 0.10869550000001027 142.49980050000002 142.60849600000003
59 95 0.21739099999999212 142.60849600000003 142.82588700000002
59 95 0.10869550000001027 142.82588700000002 142.93458250000003
59 95 0.10869549999998185 142.93458250000003 143.04327800000002
59 95 0.10869550000001027 143.15197350000003 143.26066900000004
58 95 0.10869549999998185 143.26066900000004 143.36936450000002
59 95 0.10869550000001027 143.36936450000002 143.47806000000003
59 95 0.21739099999999212 143.47806000000003 143.69545100000002
59 95 0.10869550000001027 143.69545100000002 143.80414650000003
59 95 0.10869549999998185 143.80414650000003 143.912842
59 95 0.10869550000001027 144.02153750000002 144.13023300000003
58 95 0.10869549999998185 144.13023300000003 144.23892850000001
59 95 0.10869550000001027 144.23892850000001 144.34762400000002
61 95 0.21739099999999212 144.34762400000002 144.56501500000002
61 95 0.10869550000001027 144.56501500000002 144.67371050000003
61 95 0.10869549999998185 144.67371050000003 144.782406
61 95 0.10869550000001027 144.89110150000002 144.99979700000003
59 95 0.10869549999998185 144.99979700000003 145.1084925
61 95 0.10869550000001027 145.1084925 145.21718800000002
63 95 0.21739099999999212 145.21718800000002 145.434579
66 95 0.10869550000001027 145.434579 145.54327450000002
63 95 0.10869550000001027 145.54327450000002 145.65197000000003
68 95 0.21739099999999212 145.65197000000003 145.86936100000003
66 95 0.10869550000001027 145.86936100000003 145.97805650000004
68 95 0.10869549999998185 145.97805650000004 146.08675200000002
63 95 0.21739099999999212 146.08675200000002 146.304143
63 95 0.10869550000001027 146.304143 146.41283850000002
63 95 0.10869550000001027 146.41283850000002 146.52153400000003
63 95 0.10869550000001027 146.6302295 146.73892500000002
61 95 0.10869550000001027 146.73892500000002 146.84762050000003
63 95 0.10869549999998185 146.84762050000003 146.95631600000002
63 95 0.21739100000002054 146.95631600000002 147.17370700000004
63 95 0.10869549999998185 147.17370700000004 147.28240250000002
63 95 0.10869550000001027 147.28240250000002 147.39109800000003
63 95 0.10869550000001027 147.4997935 147.60848900000002
61 95 0.10869550000001027 147.60848900000002 147.71718450000003
63 95 0.10869549999998185 147.71718450000003 147.82588
63 95 0.21739100000002054 147.82588 148.04327100000003
63 95 0.10869549999998185 148.04327100000003 148.15196650000001
63 95 0.10869550000001027 148.15196650000001 148.26066200000002
63 95 0.10869549999998185 148.36935750000004 148.47805300000002
61 95 0.10869550000001027 148.47805300000002 148.58674850000003
63 95 0.10869549999998185 148.58674850000003 148.695444
63 95 0.21739100000002054 148.695444 148.91283500000003
66 95 0.10869549999998185 148.91283500000003 149.0215305
63 95 0.10869550000001027 149.0215305 149.13022600000002
68 95 0.21739099999999212 149.13022600000002 149.347617
66 95 0.10869550000001027 149.347617 149.45631250000002
68 95 0.10869550000001027 149.45631250000002 149.56500800000003
59 95 0.21739099999999212 149.56500800000003 149.78239900000003
59 95 0.10869550000001027 149.78239900000003 149.89109450000004
59 95 0.10869549999998185 149.89109450000004 149.99979000000002
59 95 0.10869549999998185 150.10848550000003 150.217181
58 95 0.10869550000001027 150.217181 150.32587650000002
59 95 0.10869550000001027 150.32587650000002 150.43457200000003
59 95 0.21739099999999212 150.43457200000003 150.65196300000002
59 95 0.10869550000001027 150.65196300000002 150.76065850000003
59 95 0.10869549999998185 150.76065850000003 150.86935400000002
59 95 0.10869550000001027 150.97804950000003 151.08674500000004
58 95 0.10869549999998185 151.08674500000004 151.19544050000002
59 95 0.10869550000001027 151.19544050000002 151.30413600000003
61 95 0.21739099999999212 151.30413600000003 151.52152700000002
61 95 0.21739099999999212 151.52152700000002 151.738918
63 95 0.21739100000002054 151.738918 151.95630900000003
63 95 0.21739099999999212 151.95630900000003 152.17370000000003
65 95 0.21739099999999212 152.17370000000003 152.39109100000002
65 95 0.21739100000002054 152.39109100000002 152.60848200000004
66 95 0.21739099999999212 152.60848200000004 152.82587300000003
66 95 0.21739099999999212 152.82587300000003 153.04326400000002
59 95 0.21739099999999212 153.04326400000002 153.260655
59 95 0.10869550000001027 153.260655 153.36935050000002
59 95 0.10869550000001027 153.36935050000002 153.47804600000003
59 95 0.10869550000001027 153.58674150000002 153.69543700000003
58 95 0.10869550000001027 153.69543700000003 153.80413250000004
59 95 0.10869549999998185 153.80413250000004 153.91282800000002
59 95 0.21739099999999212 153.91282800000002 154.130219
59 95 0.10869550000001027 154.130219 154.23891450000002
59 95 0.10869550000001027 154.23891450000002 154.34761000000003
59 95 0.10869550000001027 154.4563055 154.56500100000002
58 95 0.10869550000001027 154.56500100000002 154.67369650000003
59 95 0.10869549999998185 154.67369650000003 154.78239200000002
61 95 0.21739100000002054 154.78239200000002 154.99978300000004
61 95 0.10869549999998185 154.99978300000004 155.10847850000002
61 95 0.10869550000001027 155.10847850000002 155.21717400000003
61 95 0.10869550000001027 155.3258695 155.43456500000002
59 95 0.10869550000001027 155.43456500000002 155.54326050000003
61 95 0.10869549999998185 155.54326050000003 155.651956
61 95 0.21739100000002054 155.651956 155.86934700000003
64 95 0.10869549999998185 155.86934700000003 155.97804250000002
61 95 0.10869550000001027 155.97804250000002 156.08673800000003
66 95 0.21739099999999212 156.08673800000003 156.30412900000002
64 95 0.10869550000001027 156.30412900000002 156.41282450000003
66 95 0.10869550000001027 156.41282450000003 156.52152000000004
63 95 0.21739099999999212 156.52152000000004 156.73891100000003
63 95 0.10869549999998185 156.73891100000003 156.8476065
63 95 0.10869550000001027 156.8476065 156.95630200000002
63 95 0.10869549999998185 157.06499750000003 157.17369300000001
61 95 0.10869550000001027 157.17369300000001 157.28238850000002
63 95 0.10869550000001027 157.28238850000002 157.39108400000003
63 95 0.21739099999999212 157.39108400000003 157.60847500000003
63 95 0.10869550000001027 157.60847500000003 157.71717050000004
63 95 0.10869549999998185 157.71717050000004 157.82586600000002
63 95 0.10869549999998185 157.93456150000003 158.043257
61 95 0.10869550000001027 158.043257 158.15195250000002
63 95 0.10869550000001027 158.15195250000002 158.26064800000003
63 95 0.21739099999999212 158.26064800000003 158.47803900000002
63 95 0.10869550000001027 158.47803900000002 158.58673450000003
63 95 0.10869549999998185 158.58673450000003 158.69543000000002
63 95 0.10869550000001027 158.80412550000003 158.91282100000004
61 95 0.10869549999998185 158.91282100000004 159.02151650000002
63 95 0.10869550000001027 159.02151650000002 159.13021200000003
63 95 0.21739099999999212 159.13021200000003 159.34760300000002
66 95 0.10869550000001027 159.34760300000002 159.45629850000003
63 95 0.10869549999998185 159.45629850000003 159.564994
68 95 0.21739100000002054 159.564994 159.78238500000003
66 95 0.10869549999998185 159.78238500000003 159.89108050000002
68 95 0.10869550000001027 159.89108050000002 159.99977600000003
59 95 0.21739099999999212 159.99977600000003 160.21716700000002
59 95 0.10869550000001027 160.21716700000002 160.32586250000003
59 95 0.10869550000001027 160.32586250000003 160.43455800000004
59 95 0.10869550000001027 160.54325350000002 160.65194900000003
58 95 0.10869549999998185 160.65194900000003 160.7606445
59 95 0.10869550000001027 160.7606445 160.86934000000002
59 95 0.21739099999999212 160.86934000000002 161.08673100000001
59 95 0.10869550000001027 161.08673100000001 161.19542650000002
59 95 0.10869550000001027 161.19542650000002 161.30412200000004
59 95 0.10869550000001027 161.41281750000002 161.52151300000003
58 95 0.10869550000001027 161.52151300000003 161.63020850000004
59 95 0.10869549999998185 161.63020850000004 161.73890400000002
61 95 0.21739099999999212 161.73890400000002 161.956295
61 95 0.10869550000001027 161.956295 162.06499050000002
61 95 0.10869550000001027 162.06499050000002 162.17368600000003
61 95 0.10869550000001027 162.2823815 162.39107700000002
59 95 0.10869550000001027 162.39107700000002 162.49977250000003
61 95 0.10869549999998185 162.49977250000003 162.60846800000002
61 95 0.21739100000002054 162.60846800000002 162.82585900000004
64 95 0.10869549999998185 162.82585900000004 162.93455450000002
61 95 0.10869550000001027 162.93455450000002 163.04325000000003
66 95 0.21739099999999212 163.04325000000003 163.26064100000002
64 95 0.10869550000001027 163.26064100000002 163.36933650000003
66 95 0.10869549999998185 163.36933650000003 163.478032
63 95 0.21739100000002054 163.478032 163.69542300000003
63 95 0.10869549999998185 163.69542300000003 163.80411850000002
63 95 0.10869550000001027 163.80411850000002 163.91281400000003
63 95 0.10869549999998185 164.02150950000004 164.13020500000002
61 95 0.10869550000001027 164.13020500000002 164.23890050000003
63 95 0.10869550000001027 164.23890050000003 164.34759600000004
63 95 0.21739099999999212 164.34759600000004 164.56498700000003
63 95 0.10869549999998185 164.56498700000003 164.6736825
63 95 0.10869550000001027 164.6736825 164.78237800000002
63 95 0.10869549999998185 164.89107350000003 164.99976900000001
61 95 0.10869550000001027 164.99976900000001 165.10846450000003
63 95 0.10869550000001027 165.10846450000003 165.21716000000004
63 95 0.21739099999999212 165.21716000000004 165.43455100000003
63 95 0.10869550000001027 165.43455100000003 165.54324650000004
63 95 0.10869549999998185 165.54324650000004 165.65194200000002
63 95 0.10869549999998185 165.76063750000003 165.869333
61 95 0.10869550000001027 165.869333 165.97802850000002
63 95 0.10869550000001027 165.97802850000002 166.08672400000003
63 95 0.21739099999999212 166.08672400000003 166.30411500000002
66 95 0.10869550000001027 166.30411500000002 166.41281050000003
63 95 0.10869549999998185 166.41281050000003 166.52150600000002
68 95 0.21739100000002054 166.52150600000002 166.73889700000004
66 95 0.10869549999998185 166.73889700000004 166.84759250000002
68 95 0.10869550000001027 166.84759250000002 166.95628800000003
59 95 0.21739099999999212 166.95628800000003 167.17367900000002
59 95 0.10869550000001027 167.17367900000002 167.28237450000003
59 95 0.10869549999998185 167.28237450000003 167.39107
59 95 0.10869550000001027 167.49976550000002 167.60846100000003
58 95 0.10869549999998185 167.60846100000003 167.71715650000002
59 95 0.10869550000001027 167.71715650000002 167.82585200000003
59 95 0.21739099999999212 167.82585200000003 168.04324300000002
59 95 0.10869550000001027 168.04324300000002 168.15193850000003
59 95 0.10869550000001027 168.15193850000003 168.26063400000004
59 95 0.10869550000001027 168.36932950000002 168.47802500000003
58 95 0.10869549999998185 168.47802500000003 168.5867205
59 95 0.10869550000001027 168.5867205 168.69541600000002
61 95 0.21739099999999212 168.69541600000002 168.91280700000002
61 95 0.10869550000001027 168.91280700000002 169.02150250000003
61 95 0.10869550000001027 169.02150250000003 169.13019800000004
61 95 0.10869550000001027 169.23889350000002 169.34758900000003
59 95 0.10869550000001027 169.34758900000003 169.45628450000004
61 95 0.10869549999998185 169.45628450000004 169.56498000000002
61 95 0.21739100000002054 169.56498000000002 169.78237100000004
64 95 0.10869549999998185 169.78237100000004 169.89106650000002
61 95 0.10869550000001027 169.89106650000002 169.99976200000003
66 95 0.21739099999999212 169.99976200000003 170.21715300000002
64 95 0.10869550000001027 170.21715300000002 170.32584850000003
66 95 0.10869549999998185 170.32584850000003 170.43454400000002
63 95 0.21739100000002054 170.43454400000002 170.65193500000004
63 95 0.10869549999998185 170.65193500000004 170.76063050000002
63 95 0.10869550000001027 170.76063050000002 170.86932600000003
63 95 0.10869549999998185 170.97802150000004 171.08671700000002
61 95 0.10869550000001027 171.08671700000002 171.19541250000003
63 95 0.10869549999998185 171.19541250000003 171.304108
63 95 0.21739100000002054 171.304108 171.52149900000003
63 95 0.10869549999998185 171.52149900000003 171.63019450000002
63 95 0.10869550000001027 171.63019450000002 171.73889000000003
63 95 0.10869549999998185 171.84758550000004 171.95628100000002
61 95 0.10869550000001027 171.95628100000002 172.06497650000003
63 95 0.10869550000001027 172.06497650000003 172.17367200000004
63 95 0.21739099999999212 172.17367200000004 172.39106300000003
63 95 0.10869549999998185 172.39106300000003 172.4997585
63 95 0.10869550000001027 172.4997585 172.60845400000002
63 95 0.10869549999998185 172.71714950000003 172.82584500000002
61 95 0.10869550000001027 172.82584500000002 172.93454050000003
63 95 0.10869550000001027 172.93454050000003 173.04323600000004
63 95 0.21739099999999212 173.04323600000004 173.26062700000003
66 95 0.10869550000001027 173.26062700000003 173.36932250000004
63 95 0.10869549999998185 173.36932250000004 173.47801800000002
68 95 0.21739100000002054 173.47801800000002 173.69540900000004
66 95 0.10869549999998185 173.69540900000004 173.80410450000002
68 95 0.10869550000001027 173.80410450000002 173.91280000000003
59 95 0.21739099999999212 173.91280000000003 174.13019100000002
59 95 0.10869550000001027 174.13019100000002 174.23888650000004
59 95 0.10869549999998185 174.23888650000004 174.34758200000002
59 95 0.10869550000001027 174.45627750000003 174.56497300000004
58 95 0.10869549999998185 174.56497300000004 174.67366850000002
59 95 0.10869550000001027 174.67366850000002 174.78236400000003
59 95 0.21739099999999212 174.78236400000003 174.99975500000002
59 95 0.10869550000001027 174.99975500000002 175.10845050000003
59 95 0.10869549999998185 175.10845050000003 175.217146
59 95 0.10869550000001027 175.32584150000002 175.43453700000003
58 95 0.10869549999998185 175.43453700000003 175.54323250000002
59 95 0.10869550000001027 175.54323250000002 175.65192800000003
61 95 0.21739099999999212 175.65192800000003 175.86931900000002
61 95 0.10869550000001027 175.86931900000002 175.97801450000003
61 95 0.10869550000001027 175.97801450000003 176.08671000000004
61 95 0.10869550000001027 176.19540550000002 176.30410100000003
59 95 0.10869550000001027 176.30410100000003 176.41279650000004
61 95 0.10869549999998185 176.41279650000004 176.52149200000002
61 95 0.21739099999999212 176.52149200000002 176.73888300000002
64 95 0.10869550000001027 176.73888300000002 176.84757850000003
61 95 0.10869550000001027 176.84757850000003 176.95627400000004
66 95 0.21739099999999212 176.95627400000004 177.17366500000003
64 95 0.10869550000001027 177.17366500000003 177.28236050000004
66 95 0.10869549999998185 177.28236050000004 177.39105600000002
63 95 0.21739100000002054 177.39105600000002 177.60844700000004
63 95 0.10869549999998185 177.60844700000004 177.71714250000002
63 95 0.10869550000001027 177.71714250000002 177.82583800000003
63 95 0.10869550000001027 177.93453350000001 178.04322900000003
61 95 0.10869550000001027 178.04322900000003 178.15192450000004
63 95 0.10869549999998185 178.15192450000004 178.26062000000002
63 95 0.21739100000002054 178.26062000000002 178.47801100000004
63 95 0.10869549999998185 178.47801100000004 178.58670650000002
63 95 0.10869550000001027 178.58670650000002 178.69540200000003
63 95 0.10869549999998185 178.80409750000004 178.91279300000002
61 95 0.10869550000001027 178.91279300000002 179.02148850000003
63 95 0.10869549999998185 179.02148850000003 179.130184
63 95 0.21739100000002054 179.130184 179.34757500000003
63 95 0.10869549999998185 179.34757500000003 179.45627050000002
63 95 0.10869550000001027 179.45627050000002 179.56496600000003
63 95 0.10869549999998185 179.67366150000004 179.78235700000002
61 95 0.10869550000001027 179.78235700000002 179.89105250000003
63 95 0.10869550000001027 179.89105250000003 179.99974800000004
68 95 0.43478199999998424 179.99974800000004 180.43453000000002
66 95 0.43478200000001266 180.43453000000002 180.86931200000004
