46 95 3.478256000000002 41.73907200000001 45.21732800000001
39 95 3.478256000000002 41.73907200000001 45.21732800000001
42 95 3.478256000000002 41.73907200000001 45.21732800000001
35 95 1.739128000000001 45.21732800000001 46.95645600000001
42 95 1.739128000000001 45.21732800000001 46.95645600000001
39 95 1.739128000000001 45.21732800000001 46.95645600000001
37 95 1.739128000000001 46.95645600000001 48.69558400000001
41 95 1.739128000000001 46.95645600000001 48.69558400000001
44 95 1.739128000000001 46.95645600000001 48.69558400000001
46 95 3.4782559999999947 48.69558400000001 52.173840000000006
39 95 3.4782559999999947 48.69558400000001 52.173840000000006
42 95 3.4782559999999947 48.69558400000001 52.173840000000006
35 95 1.739128000000001 52.173840000000006 53.912968000000006
42 95 1.739128000000001 52.173840000000006 53.912968000000006
39 95 1.739128000000001 52.173840000000006 53.912968000000006
37 95 0.43478200000000555 53.912968000000006 54.34775000000001
41 95 0.43478200000000555 53.912968000000006 54.34775000000001
39 95 0.43478199999999845 54.34775000000001 54.78253200000001
42 95 0.43478199999999845 54.34775000000001 54.78253200000001
44 95 0.43478199999999845 54.78253200000001 55.21731400000001
41 95 0.43478199999999845 54.78253200000001 55.21731400000001
42 95 0.43478199999999845 55.21731400000001 55.65209600000001
46 95 0.43478199999999845 55.21731400000001 55.65209600000001
35 95 1.739128000000001 55.65209600000001 57.39122400000001
39 95 1.739128000000001 55.65209600000001 57.39122400000001
42 95 1.739128000000001 55.65209600000001 57.39122400000001
37 95 1.739128000000001 57.39122400000001 59.13035200000001
41 95 1.739128000000001 57.39122400000001 59.13035200000001
44 95 1.739128000000001 57.39122400000001 59.13035200000001
39 95 3.478256000000002 59.13035200000001 62.60860800000001
46 95 3.478256000000002 59.13035200000001 62.60860800000001
42 95 3.478256000000002 59.13035200000001 62.60860800000001
35 95 1.739128000000001 62.60860800000001 64.34773600000001
39 95 1.739128000000001 62.60860800000001 64.34773600000001
42 95 1.739128000000001 62.60860800000001 64.34773600000001
37 95 1.7391279999999938 64.34773600000001 66.086864
41 95 1.7391279999999938 64.34773600000001 66.086864
44 95 1.7391279999999938 64.34773600000001 66.086864
39 95 3.478256000000002 66.086864 69.56512000000001
46 95 3.478256000000002 66.086864 69.56512000000001
42 95 3.478256000000002 66.086864 69.56512000000001
35 95 1.739128000000008 69.56512000000001 71.30424800000002
39 95 1.739128000000008 69.56512000000001 71.30424800000002
42 95 1.739128000000008 69.56512000000001 71.30424800000002
37 95 1.7391279999999938 71.30424800000002 73.04337600000001
41 95 1.7391279999999938 71.30424800000002 73.04337600000001
44 95 1.7391279999999938 71.30424800000002 73.04337600000001
39 95 3.478256000000002 73.04337600000001 76.52163200000001
46 95 3.478256000000002 73.04337600000001 76.52163200000001
42 95 3.478256000000002 73.04337600000001 76.52163200000001
35 95 1.739128000000008 76.52163200000001 78.26076000000002
39 95 1.739128000000008 76.52163200000001 78.26076000000002
42 95 1.739128000000008 76.52163200000001 78.26076000000002
37 95 1.7391279999999938 78.26076000000002 79.99988800000001
41 95 1.7391279999999938 78.26076000000002 79.99988800000001
44 95 1.7391279999999938 78.26076000000002 79.99988800000001
39 95 3.478256000000002 79.99988800000001 83.47814400000001
46 95 3.478256000000002 79.99988800000001 83.47814400000001
42 95 3.478256000000002 79.99988800000001 83.47814400000001
35 95 1.7391279999999938 83.47814400000001 85.21727200000001
39 95 1.7391279999999938 83.47814400000001 85.21727200000001
42 95 1.7391279999999938 83.47814400000001 85.21727200000001
37 95 1.739128000000008 85.21727200000001 86.95640000000002
41 95 1.739128000000008 85.21727200000001 86.95640000000002
44 95 1.739128000000008 85.21727200000001 86.95640000000002
39 95 3.478256000000002 86.95640000000002 90.43465600000002
46 95 3.478256000000002 86.95640000000002 90.43465600000002
42 95 3.478256000000002 86.95640000000002 90.43465600000002
35 95 1.7391279999999938 90.43465600000002 92.17378400000001
39 95 1.7391279999999938 90.43465600000002 92.17378400000001
42 95 1.7391279999999938 90.43465600000002 92.17378400000001
37 95 1.739128000000008 92.17378400000001 93.91291200000002
41 95 1.739128000000008 92.17378400000001 93.91291200000002
44 95 1.739128000000008 92.17378400000001 93.91291200000002
39 95 3.478256000000002 93.91291200000002 97.39116800000002
46 95 3.478256000000002 93.91291200000002 97.39116800000002
42 95 3.478256000000002 93.91291200000002 97.39116800000002
35 95 1.7391279999999938 97.39116800000002 99.13029600000002
39 95 1.7391279999999938 97.39116800000002 99.13029600000002
42 95 1.7391279999999938 97.39116800000002 99.13029600000002
37 95 1.7391279999999938 99.13029600000002 100.86942400000001
41 95 1.7391279999999938 99.13029600000002 100.86942400000001
44 95 1.7391279999999938 99.13029600000002 100.86942400000001
39 95 3.478256000000002 100.86942400000001 104.34768000000001
46 95 3.478256000000002 100.86942400000001 104.34768000000001
42 95 3.478256000000002 100.86942400000001 104.34768000000001
35 95 1.739128000000008 104.34768000000001 106.08680800000002
39 95 1.739128000000008 104.34768000000001 106.08680800000002
42 95 1.739128000000008 104.34768000000001 106.08680800000002
37 95 1.7391279999999938 106.08680800000002 107.82593600000001
41 95 1.7391279999999938 106.08680800000002 107.82593600000001
44 95 1.7391279999999938 106.08680800000002 107.82593600000001
39 95 1.739128000000008 107.82593600000001 109.56506400000002
46 95 1.739128000000008 107.82593600000001 109.56506400000002
42 95 1.739128000000008 107.82593600000001 109.56506400000002
44 95 0.43478199999999845 110.43462800000002 110.86941000000002
42 95 0.43478199999999845 110.86941000000002 111.30419200000001
46 95 3.478256000000016 139.13024000000001 142.60849600000003
39 95 3.478256000000016 139.13024000000001 142.60849600000003
42 95 3.478256000000016 139.13024000000001 142.60849600000003
35 95 1.7391279999999938 142.60849600000003 144.34762400000002
42 95 1.7391279999999938 142.60849600000003 144.34762400000002
39 95 1.7391279999999938 142.60849600000003 144.34762400000002
37 95 1.7391279999999938 144.34762400000002 146.08675200000002
41 95 1.7391279999999938 144.34762400000002 146.08675200000002
44 95 1.7391279999999938 144.34762400000002 146.08675200000002
46 95 3.478256000000016 146.08675200000002 149.56500800000003
39 95 3.478256000000016 146.08675200000002 149.56500800000003
42 95 3.478256000000016 146.08675200000002 149.56500800000003
35 95 1.7391279999999938 149.56500800000003 151.30413600000003
42 95 1.7391279999999938 149.56500800000003 151.30413600000003
39 95 1.7391279999999938 149.56500800000003 151.30413600000003
37 95 0.43478199999998424 151.30413600000003 151.738918
41 95 0.43478199999998424 151.30413600000003 151.738918
39 95 0.43478200000001266 151.738918 152.17370000000003
42 95 0.43478200000001266 151.738918 152.17370000000003
44 95 0.43478200000001266 152.17370000000003 152.60848200000004
41 95 0.43478200000001266 152.17370000000003 152.60848200000004
42 95 0.43478199999998424 152.60848200000004 153.04326400000002
46 95 0.43478199999998424 152.60848200000004 153.04326400000002
35 95 1.7391279999999938 153.04326400000002 154.78239200000002
39 95 1.7391279999999938 153.04326400000002 154.78239200000002
42 95 1.7391279999999938 153.04326400000002 154.78239200000002
37 95 1.7391280000000222 154.78239200000002 156.52152000000004
41 95 1.7391280000000222 154.78239200000002 156.52152000000004
44 95 1.7391280000000222 154.78239200000002 156.52152000000004
39 95 3.4782559999999876 156.52152000000004 159.99977600000003
46 95 3.4782559999999876 156.52152000000004 159.99977600000003
42 95 3.4782559999999876 156.52152000000004 159.99977600000003
35 95 1.7391279999999938 159.99977600000003 161.73890400000002
39 95 1.7391279999999938 159.99977600000003 161.73890400000002
42 95 1.7391279999999938 159.99977600000003 161.73890400000002
37 95 1.7391279999999938 161.73890400000002 163.478032
41 95 1.7391279999999938 161.73890400000002 163.478032
44 95 1.7391279999999938 161.73890400000002 163.478032
39 95 3.478256000000016 163.478032 166.95628800000003
46 95 3.478256000000016 163.478032 166.95628800000003
42 95 3.478256000000016 163.478032 166.95628800000003
35 95 1.7391279999999938 166.95628800000003 168.69541600000002
39 95 1.7391279999999938 166.95628800000003 168.69541600000002
42 95 1.7391279999999938 166.95628800000003 168.69541600000002
37 95 1.7391279999999938 168.69541600000002 170.43454400000002
41 95 1.7391279999999938 168.69541600000002 170.43454400000002
44 95 1.7391279999999938 168.69541600000002 170.43454400000002
39 95 3.478256000000016 170.43454400000002 173.91280000000003
46 95 3.478256000000016 170.43454400000002 173.91280000000003
42 95 3.478256000000016 170.43454400000002 173.91280000000003
35 95 1.7391279999999938 173.91280000000003 175.65192800000003
39 95 1.7391279999999938 173.91280000000003 175.65192800000003
42 95 1.7391279999999938 173.91280000000003 175.65192800000003
37 95 1.7391279999999938 175.65192800000003 177.39105600000002
41 95 1.7391279999999938 175.65192800000003 177.39105600000002
44 95 1.7391279999999938 175.65192800000003 177.39105600000002
39 95 3.478256000000016 177.39105600000002 180.86931200000004
46 95 3.478256000000016 177.39105600000002 180.86931200000004
42 95 3.478256000000016 177.39105600000002 180.86931200000004
