49 95 0.43478200000000006 0.0 0.43478200000000006
37 95 0.4347820000000002 13.478242000000002 13.913024000000002
38 95 0.10869549999999961 26.956484000000003 27.065179500000003
35 95 0.10869549999999961 26.956484000000003 27.065179500000003
38 95 0.10869550000000316 27.065179500000003 27.173875000000006
35 95 0.10869550000000316 27.065179500000003 27.173875000000006
35 95 0.10869549999999961 27.173875000000006 27.282570500000006
38 95 0.10869549999999961 27.173875000000006 27.282570500000006
38 95 0.10869549999999961 27.282570500000006 27.391266000000005
35 95 0.10869549999999961 27.282570500000006 27.391266000000005
35 95 0.10869549999999961 27.391266000000005 27.499961500000005
38 95 0.10869549999999961 27.391266000000005 27.499961500000005
35 95 0.10869549999999961 27.499961500000005 27.608657000000004
38 95 0.10869549999999961 27.499961500000005 27.608657000000004
38 95 0.10869549999999961 27.608657000000004 27.717352500000004
35 95 0.10869549999999961 27.608657000000004 27.717352500000004
38 95 0.10869549999999961 27.717352500000004 27.826048000000004
35 95 0.10869549999999961 27.717352500000004 27.826048000000004
49 95 0.43478199999999845 69.56512000000001 69.999902
49 95 0.43478199999999845 69.999902 70.434684
49 95 0.43478200000001266 70.434684 70.86946600000002
49 95 0.43478199999999845 70.86946600000002 71.30424800000002
49 95 0.43478199999999845 71.30424800000002 71.73903000000001
49 95 0.43478199999999845 71.73903000000001 72.17381200000001
49 95 0.43478199999999845 72.17381200000001 72.60859400000001
49 95 0.43478199999999845 72.60859400000001 73.04337600000001
49 95 0.43478199999999845 73.04337600000001 73.47815800000001
49 95 0.43478199999999845 73.47815800000001 73.91294
49 95 0.43478199999999845 73.91294 74.347722
49 95 0.43478200000001266 74.347722 74.78250400000002
49 95 0.43478199999999845 74.78250400000002 75.21728600000002
49 95 0.43478199999999845 75.21728600000002 75.65206800000001
49 95 0.43478199999999845 75.65206800000001 76.08685000000001
49 95 0.43478199999999845 76.08685000000001 76.52163200000001
49 95 0.43478199999999845 76.52163200000001 76.95641400000001
49 95 0.43478199999999845 76.95641400000001 77.39119600000001
49 95 0.43478199999999845 77.39119600000001 77.825978
49 95 0.43478200000001266 77.825978 78.26076000000002
49 95 0.43478199999999845 78.26076000000002 78.69554200000002
49 95 0.43478199999999845 78.69554200000002 79.13032400000002
49 95 0.43478199999999845 79.13032400000002 79.56510600000001
49 95 0.43478199999999845 79.56510600000001 79.99988800000001
49 95 0.43478199999999845 79.99988800000001 80.43467000000001
49 95 0.43478199999999845 80.43467000000001 80.86945200000001
49 95 0.43478199999999845 80.86945200000001 81.30423400000001
49 95 0.43478199999999845 81.30423400000001 81.739016
49 95 0.43478200000001266 81.739016 82.17379800000002
49 95 0.43478199999999845 82.17379800000002 82.60858000000002
49 95 0.43478199999999845 82.60858000000002 83.04336200000002
49 95 0.43478199999999845 83.04336200000002 83.47814400000001
72 95 0.43478199999999845 84.34770800000001 84.78249000000001
72 95 0.43478199999999845 86.08683600000002 86.52161800000002
72 95 0.43478199999999845 87.82596400000001 88.26074600000001
71 95 0.43478200000001266 89.565092 89.99987400000002
72 95 0.43478199999999845 91.30422000000002 91.73900200000001
72 95 0.43478200000001266 93.04334800000001 93.47813000000002
72 95 0.43478199999999845 94.78247600000002 95.21725800000002
71 95 0.43478199999999845 96.52160400000001 96.95638600000001
77 95 0.43478199999999845 97.82595000000002 98.26073200000002
72 95 0.43478199999999845 98.26073200000002 98.69551400000002
77 95 0.43478199999999845 99.56507800000001 99.99986000000001
72 95 0.43478199999999845 99.99986000000001 100.43464200000001
77 95 0.43478199999999845 101.30420600000002 101.73898800000002
72 95 0.43478199999999845 101.73898800000002 102.17377000000002
77 95 0.43478199999999845 103.04333400000002 103.47811600000001
71 95 0.43478199999999845 103.47811600000001 103.91289800000001
77 95 0.43478200000001266 104.78246200000001 105.21724400000002
72 95 0.43478199999999845 105.21724400000002 105.65202600000002
77 95 0.43478199999999845 106.52159000000002 106.95637200000002
72 95 0.43478199999999845 106.95637200000002 107.39115400000001
77 95 0.43478200000001266 108.26071800000001 108.69550000000002
72 95 0.43478199999999845 108.69550000000002 109.13028200000002
77 95 0.43478199999999845 109.99984600000002 110.43462800000002
71 95 0.43478199999999845 110.43462800000002 110.86941000000002
49 95 0.43478200000001266 208.69536000000002 209.13014200000003
