86 95 0.21739099999999212 180.86931200000004 181.08670300000003
88 95 0.21739099999999212 181.08670300000003 181.30409400000002
83 95 0.21739100000002054 181.30409400000002 181.52148500000004
81 95 0.21739099999999212 181.52148500000004 181.73887600000003
83 95 0.43478199999998424 181.73887600000003 182.17365800000002
81 95 0.21739100000002054 182.17365800000002 182.39104900000004
83 95 0.21739099999999212 182.39104900000004 182.60844000000003
86 95 0.21739099999999212 182.60844000000003 182.82583100000002
88 95 0.21739099999999212 182.82583100000002 183.04322200000001
83 95 0.21739100000002054 183.04322200000001 183.26061300000003
81 95 0.21739099999999212 183.26061300000003 183.47800400000003
83 95 0.43478200000001266 183.47800400000003 183.91278600000004
81 95 0.21739099999999212 183.91278600000004 184.13017700000003
83 95 0.21739099999999212 184.13017700000003 184.34756800000002
81 95 0.21739099999999212 184.34756800000002 184.56495900000002
79 95 0.21739100000002054 184.56495900000002 184.78235000000004
78 95 0.21739099999999212 184.78235000000004 184.99974100000003
74 95 0.21739099999999212 184.99974100000003 185.21713200000002
76 95 0.43478200000001266 185.21713200000002 185.65191400000003
74 95 0.21739099999999212 185.65191400000003 185.86930500000003
76 95 0.21739099999999212 185.86930500000003 186.08669600000002
78 95 0.21739100000002054 186.08669600000002 186.30408700000004
79 95 0.21739099999999212 186.30408700000004 186.52147800000003
81 95 0.21739099999999212 186.52147800000003 186.73886900000002
83 95 0.21739100000002054 186.73886900000002 186.95626000000004
76 95 0.43478199999998424 186.95626000000004 187.39104200000003
81 95 0.21739099999999212 187.39104200000003 187.60843300000002
83 95 0.21739100000002054 187.60843300000002 187.82582400000004
86 95 0.21739099999999212 187.82582400000004 188.04321500000003
88 95 0.21739099999999212 188.04321500000003 188.26060600000002
83 95 0.21739099999999212 188.26060600000002 188.47799700000002
81 95 0.21739100000002054 188.47799700000002 188.69538800000004
83 95 0.43478199999998424 188.69538800000004 189.13017000000002
81 95 0.21739100000002054 189.13017000000002 189.34756100000004
83 95 0.21739099999999212 189.34756100000004 189.56495200000003
86 95 0.21739099999999212 189.56495200000003 189.78234300000003
88 95 0.21739099999999212 189.78234300000003 189.99973400000002
83 95 0.21739100000002054 189.99973400000002 190.21712500000004
81 95 0.21739099999999212 190.21712500000004 190.43451600000003
83 95 0.43478200000001266 190.43451600000003 190.86929800000004
81 95 0.21739099999999212 190.86929800000004 191.08668900000004
83 95 0.21739099999999212 191.08668900000004 191.30408000000003
81 95 0.21739099999999212 191.30408000000003 191.52147100000002
79 95 0.21739100000002054 191.52147100000002 191.73886200000004
78 95 0.21739099999999212 191.73886200000004 191.95625300000003
74 95 0.21739099999999212 191.95625300000003 192.17364400000002
76 95 0.43478200000001266 192.17364400000002 192.60842600000004
74 95 0.21739099999999212 192.60842600000004 192.82581700000003
76 95 0.21739099999999212 192.82581700000003 193.04320800000002
78 95 0.21739100000002054 193.04320800000002 193.26059900000004
79 95 0.21739099999999212 193.26059900000004 193.47799000000003
81 95 0.21739099999999212 193.47799000000003 193.69538100000003
83 95 0.21739099999999212 193.69538100000003 193.91277200000002
76 95 0.43478200000001266 193.91277200000002 194.34755400000003
81 95 0.21739099999999212 194.34755400000003 194.56494500000002
83 95 0.21739100000002054 194.56494500000002 194.78233600000004
86 95 0.21739099999999212 194.78233600000004 194.99972700000004
88 95 0.21739099999999212 194.99972700000004 195.21711800000003
83 95 0.21739099999999212 195.21711800000003 195.43450900000002
81 95 0.21739100000002054 195.43450900000002 195.65190000000004
83 95 0.43478199999998424 195.65190000000004 196.08668200000002
81 95 0.21739099999999212 196.08668200000002 196.30407300000002
83 95 0.21739100000002054 196.30407300000002 196.52146400000004
86 95 0.21739099999999212 196.52146400000004 196.73885500000003
88 95 0.21739099999999212 196.73885500000003 196.95624600000002
83 95 0.21739100000002054 196.95624600000002 197.17363700000004
81 95 0.21739099999999212 197.17363700000004 197.39102800000003
83 95 0.43478199999998424 197.39102800000003 197.82581000000002
81 95 0.21739100000002054 197.82581000000002 198.04320100000004
83 95 0.21739099999999212 198.04320100000004 198.26059200000003
81 95 0.21739099999999212 198.26059200000003 198.47798300000002
79 95 0.21739100000002054 198.47798300000002 198.69537400000004
78 95 0.21739099999999212 198.69537400000004 198.91276500000004
74 95 0.21739099999999212 198.91276500000004 199.13015600000003
76 95 0.43478200000001266 199.13015600000003 199.56493800000004
74 95 0.21739099999999212 199.56493800000004 199.78232900000003
76 95 0.21739099999999212 199.78232900000003 199.99972000000002
78 95 0.21739100000002054 199.99972000000002 200.21711100000005
79 95 0.21739099999999212 200.21711100000005 200.43450200000004
81 95 0.21739099999999212 200.43450200000004 200.65189300000003
83 95 0.21739099999999212 200.65189300000003 200.86928400000002
76 95 0.43478200000001266 200.86928400000002 201.30406600000003
81 95 0.21739099999999212 201.30406600000003 201.52145700000003
83 95 0.21739099999999212 201.52145700000003 201.73884800000002
86 95 0.21739100000002054 201.73884800000002 201.95623900000004
88 95 0.21739099999999212 201.95623900000004 202.17363000000003
83 95 0.21739099999999212 202.17363000000003 202.39102100000002
81 95 0.21739100000002054 202.39102100000002 202.60841200000004
83 95 0.43478199999998424 202.60841200000004 203.04319400000003
81 95 0.21739099999999212 203.04319400000003 203.26058500000002
83 95 0.21739100000002054 203.26058500000002 203.47797600000004
86 95 0.21739099999999212 203.47797600000004 203.69536700000003
88 95 0.21739099999999212 203.69536700000003 203.91275800000003
83 95 0.21739100000002054 203.91275800000003 204.13014900000005
81 95 0.21739099999999212 204.13014900000005 204.34754000000004
83 95 0.43478199999998424 204.34754000000004 204.78232200000002
88 95 0.21739100000002054 204.78232200000002 204.99971300000004
90 95 0.21739099999999212 204.99971300000004 205.21710400000003
91 95 0.21739099999999212 205.21710400000003 205.43449500000003
90 95 0.21739099999999212 205.43449500000003 205.65188600000002
88 95 0.21739100000002054 205.65188600000002 205.86927700000004
86 95 0.21739099999999212 205.86927700000004 206.08666800000003
83 95 0.43478200000001266 206.08666800000003 206.52145000000004
81 95 0.21739099999999212 206.52145000000004 206.73884100000004
83 95 0.21739099999999212 206.73884100000004 206.95623200000003
81 95 0.21739099999999212 206.95623200000003 207.17362300000002
79 95 0.21739100000002054 207.17362300000002 207.39101400000004
78 95 0.21739099999999212 207.39101400000004 207.60840500000003
74 95 0.21739099999999212 207.60840500000003 207.82579600000003
76 95 0.21739100000002054 207.82579600000003 208.04318700000005
