75 95 0.21739099999999922 27.826048000000004 28.043439000000003
77 95 0.21739100000000278 28.043439000000003 28.260830000000006
78 95 0.21739099999999922 28.260830000000006 28.478221000000005
80 95 0.21739099999999922 28.478221000000005 28.695612000000004
82 95 0.434782000000002 28.695612000000004 29.130394000000006
87 95 0.21739099999999922 29.130394000000006 29.347785000000005
85 95 0.21739099999999922 29.347785000000005 29.565176000000005
82 95 0.43478199999999845 29.565176000000005 29.999958000000003
75 95 0.434782000000002 29.999958000000003 30.434740000000005
82 95 0.21739099999999922 30.434740000000005 30.652131000000004
80 95 0.21739099999999922 30.652131000000004 30.869522000000003
78 95 0.21739100000000278 30.869522000000003 31.086913000000006
77 95 0.21739099999999922 31.086913000000006 31.304304000000005
75 95 0.21739099999999922 31.304304000000005 31.521695000000005
77 95 0.21739099999999922 31.521695000000005 31.739086000000004
78 95 0.21739100000000278 31.739086000000004 31.956477000000007
80 95 0.21739099999999922 31.956477000000007 32.173868000000006
82 95 0.43478199999999845 32.173868000000006 32.608650000000004
80 95 0.21739099999999922 32.608650000000004 32.826041000000004
78 95 0.21739099999999922 32.826041000000004 33.043432
77 95 0.21739099999999922 33.043432 33.260823
75 95 0.21739100000000633 33.260823 33.47821400000001
77 95 0.21739099999999922 33.47821400000001 33.69560500000001
78 95 0.21739099999999922 33.69560500000001 33.91299600000001
77 95 0.21739099999999922 33.91299600000001 34.130387000000006
75 95 0.21739099999999922 34.130387000000006 34.347778000000005
74 95 0.21739099999999922 34.347778000000005 34.565169000000004
78 95 0.21739099999999922 34.565169000000004 34.782560000000004
75 95 0.21739099999999922 34.782560000000004 34.999951
77 95 0.21739099999999922 34.999951 35.217342
78 95 0.21739100000000633 35.217342 35.43473300000001
80 95 0.21739099999999922 35.43473300000001 35.65212400000001
82 95 0.43478199999999845 35.65212400000001 36.086906000000006
87 95 0.21739099999999922 36.086906000000006 36.304297000000005
85 95 0.21739099999999922 36.304297000000005 36.521688000000005
82 95 0.43478199999999845 36.521688000000005 36.95647
75 95 0.43478200000000555 36.95647 37.39125200000001
82 95 0.21739099999999922 37.39125200000001 37.60864300000001
80 95 0.21739099999999922 37.60864300000001 37.82603400000001
78 95 0.21739099999999922 37.82603400000001 38.043425000000006
77 95 0.21739099999999922 38.043425000000006 38.260816000000005
75 95 0.21739099999999922 38.260816000000005 38.478207000000005
77 95 0.21739099999999922 38.478207000000005 38.695598000000004
78 95 0.21739099999999922 38.695598000000004 38.912989
80 95 0.21739100000000633 38.912989 39.13038000000001
82 95 0.43478199999999845 39.13038000000001 39.56516200000001
80 95 0.21739099999999922 39.56516200000001 39.78255300000001
78 95 0.21739099999999922 39.78255300000001 39.999944000000006
77 95 0.43478199999999845 39.999944000000006 40.434726000000005
78 95 0.43478199999999845 40.434726000000005 40.869508
80 95 0.43478200000000555 40.869508 41.30429000000001
82 95 0.43478199999999845 41.30429000000001 41.73907200000001
75 95 0.21739099999999922 41.73907200000001 41.95646300000001
77 95 0.21739099999999922 41.95646300000001 42.173854000000006
78 95 0.21739099999999922 42.173854000000006 42.391245000000005
80 95 0.21739099999999922 42.391245000000005 42.608636000000004
82 95 0.43478200000000555 42.608636000000004 43.04341800000001
87 95 0.21739099999999922 43.04341800000001 43.26080900000001
85 95 0.21739099999999922 43.26080900000001 43.47820000000001
82 95 0.43478199999999845 43.47820000000001 43.91298200000001
75 95 0.43478199999999845 43.91298200000001 44.347764000000005
82 95 0.21739099999999922 44.347764000000005 44.565155000000004
80 95 0.21739099999999922 44.565155000000004 44.782546
78 95 0.21739100000000633 44.782546 44.99993700000001
77 95 0.21739099999999922 44.99993700000001 45.21732800000001
75 95 0.21739099999999922 45.21732800000001 45.43471900000001
77 95 0.21739099999999922 45.43471900000001 45.65211000000001
78 95 0.21739099999999922 45.65211000000001 45.86950100000001
80 95 0.21739099999999922 45.86950100000001 46.086892000000006
82 95 0.43478199999999845 46.086892000000006 46.521674000000004
80 95 0.21739100000000633 46.521674000000004 46.73906500000001
78 95 0.21739099999999922 46.73906500000001 46.95645600000001
77 95 0.21739099999999922 46.95645600000001 47.17384700000001
75 95 0.21739099999999922 47.17384700000001 47.39123800000001
77 95 0.21739099999999922 47.39123800000001 47.60862900000001
78 95 0.21739099999999922 47.60862900000001 47.82602000000001
77 95 0.21739099999999922 47.82602000000001 48.043411000000006
75 95 0.21739099999999922 48.043411000000006 48.260802000000005
74 95 0.21739099999999922 48.260802000000005 48.478193000000005
78 95 0.21739100000000633 48.478193000000005 48.69558400000001
75 95 0.21739099999999922 48.69558400000001 48.91297500000001
77 95 0.21739099999999922 48.91297500000001 49.13036600000001
78 95 0.21739099999999922 49.13036600000001 49.34775700000001
80 95 0.21739099999999922 49.34775700000001 49.56514800000001
82 95 0.43478199999999845 49.56514800000001 49.999930000000006
87 95 0.21739099999999922 49.999930000000006 50.217321000000005
85 95 0.21739099999999922 50.217321000000005 50.434712000000005
82 95 0.43478200000000555 50.434712000000005 50.86949400000001
75 95 0.43478199999999845 50.86949400000001 51.30427600000001
82 95 0.21739099999999922 51.30427600000001 51.52166700000001
80 95 0.21739099999999922 51.52166700000001 51.73905800000001
78 95 0.21739099999999922 51.73905800000001 51.956449000000006
77 95 0.21739099999999922 51.956449000000006 52.173840000000006
75 95 0.21739099999999922 52.173840000000006 52.391231000000005
77 95 0.21739100000000633 52.391231000000005 52.60862200000001
78 95 0.21739099999999922 52.60862200000001 52.82601300000001
80 95 0.21739099999999922 52.82601300000001 53.04340400000001
82 95 0.43478199999999845 53.04340400000001 53.47818600000001
80 95 0.21739099999999922 53.47818600000001 53.69557700000001
78 95 0.21739099999999922 53.69557700000001 53.912968000000006
77 95 0.43478200000000555 53.912968000000006 54.34775000000001
78 95 0.43478199999999845 54.34775000000001 54.78253200000001
80 95 0.43478199999999845 54.78253200000001 55.21731400000001
82 95 0.43478199999999845 55.21731400000001 55.65209600000001
85 95 0.21739099999999922 55.65209600000001 55.86948700000001
87 95 0.21739099999999922 55.86948700000001 56.086878000000006
82 95 0.21739100000000633 56.086878000000006 56.30426900000001
80 95 0.21739099999999922 56.30426900000001 56.52166000000001
82 95 0.43478199999999845 56.52166000000001 56.95644200000001
80 95 0.21739099999999922 56.95644200000001 57.17383300000001
82 95 0.21739099999999922 57.17383300000001 57.39122400000001
85 95 0.21739099999999922 57.39122400000001 57.60861500000001
87 95 0.21739099999999922 57.60861500000001 57.82600600000001
82 95 0.21739099999999922 57.82600600000001 58.043397000000006
80 95 0.21739100000000633 58.043397000000006 58.26078800000001
82 95 0.43478199999999845 58.26078800000001 58.69557000000001
80 95 0.21739099999999922 58.69557000000001 58.91296100000001
82 95 0.21739099999999922 58.91296100000001 59.13035200000001
80 95 0.21739099999999922 59.13035200000001 59.34774300000001
78 95 0.21739099999999922 59.34774300000001 59.56513400000001
77 95 0.21739099999999922 59.56513400000001 59.78252500000001
73 95 0.21739099999999922 59.78252500000001 59.999916000000006
75 95 0.43478200000000555 59.999916000000006 60.43469800000001
73 95 0.21739099999999922 60.43469800000001 60.65208900000001
75 95 0.21739099999999922 60.65208900000001 60.86948000000001
77 95 0.21739099999999922 60.86948000000001 61.08687100000001
78 95 0.21739099999999922 61.08687100000001 61.30426200000001
80 95 0.21739099999999922 61.30426200000001 61.52165300000001
82 95 0.21739099999999922 61.52165300000001 61.73904400000001
75 95 0.43478200000000555 61.73904400000001 62.17382600000001
80 95 0.21739099999999922 62.17382600000001 62.39121700000001
82 95 0.21739099999999922 62.39121700000001 62.60860800000001
85 95 0.21739099999999922 62.60860800000001 62.82599900000001
87 95 0.21739099999999922 62.82599900000001 63.04339000000001
82 95 0.21739099999999922 63.04339000000001 63.26078100000001
80 95 0.21739099999999922 63.26078100000001 63.47817200000001
82 95 0.43478200000000555 63.47817200000001 63.91295400000001
80 95 0.21739099999999212 63.91295400000001 64.130345
82 95 0.21739100000000633 64.130345 64.34773600000001
85 95 0.21739099999999212 64.34773600000001 64.565127
87 95 0.21739100000000633 64.565127 64.78251800000001
82 95 0.21739100000000633 64.78251800000001 64.99990900000002
80 95 0.21739099999999212 64.99990900000002 65.21730000000001
82 95 0.43478199999999845 65.21730000000001 65.65208200000001
80 95 0.21739100000000633 65.65208200000001 65.86947300000001
82 95 0.21739099999999212 65.86947300000001 66.086864
80 95 0.21739100000000633 66.086864 66.30425500000001
78 95 0.21739099999999212 66.30425500000001 66.521646
77 95 0.21739100000000633 66.521646 66.73903700000001
73 95 0.21739100000000633 66.73903700000001 66.95642800000002
75 95 0.43478199999999845 66.95642800000002 67.39121000000002
73 95 0.21739099999999212 67.39121000000002 67.60860100000001
75 95 0.21739100000000633 67.60860100000001 67.82599200000001
77 95 0.21739099999999212 67.82599200000001 68.043383
78 95 0.21739100000000633 68.043383 68.26077400000001
80 95 0.21739099999999212 68.26077400000001 68.478165
82 95 0.21739100000000633 68.478165 68.69555600000001
75 95 0.43478199999999845 68.69555600000001 69.13033800000001
80 95 0.21739100000000633 69.13033800000001 69.34772900000002
82 95 0.21739099999999212 69.34772900000002 69.56512000000001
85 95 0.21739100000000633 69.56512000000001 69.78251100000001
87 95 0.21739099999999212 69.78251100000001 69.999902
82 95 0.21739100000000633 69.999902 70.21729300000001
80 95 0.21739099999999212 70.21729300000001 70.434684
82 95 0.43478200000001266 70.434684 70.86946600000002
80 95 0.21739099999999212 70.86946600000002 71.08685700000001
82 95 0.21739100000000633 71.08685700000001 71.30424800000002
85 95 0.21739099999999212 71.30424800000002 71.52163900000001
87 95 0.21739100000000633 71.52163900000001 71.73903000000001
82 95 0.21739099999999212 71.73903000000001 71.956421
80 95 0.21739100000000633 71.956421 72.17381200000001
82 95 0.43478199999999845 72.17381200000001 72.60859400000001
80 95 0.21739100000000633 72.60859400000001 72.82598500000002
82 95 0.21739099999999212 72.82598500000002 73.04337600000001
80 95 0.21739100000000633 73.04337600000001 73.26076700000002
78 95 0.21739099999999212 73.26076700000002 73.47815800000001
77 95 0.21739100000000633 73.47815800000001 73.69554900000001
73 95 0.21739099999999212 73.69554900000001 73.91294
75 95 0.43478199999999845 73.91294 74.347722
73 95 0.21739100000000633 74.347722 74.56511300000001
75 95 0.21739100000000633 74.56511300000001 74.78250400000002
77 95 0.21739099999999212 74.78250400000002 74.99989500000001
78 95 0.21739100000000633 74.99989500000001 75.21728600000002
80 95 0.21739099999999212 75.21728600000002 75.43467700000001
82 95 0.21739100000000633 75.43467700000001 75.65206800000001
75 95 0.43478199999999845 75.65206800000001 76.08685000000001
80 95 0.21739100000000633 76.08685000000001 76.30424100000002
82 95 0.21739099999999212 76.30424100000002 76.52163200000001
85 95 0.21739100000000633 76.52163200000001 76.73902300000002
87 95 0.21739099999999212 76.73902300000002 76.95641400000001
82 95 0.21739100000000633 76.95641400000001 77.17380500000002
80 95 0.21739099999999212 77.17380500000002 77.39119600000001
82 95 0.43478199999999845 77.39119600000001 77.825978
80 95 0.21739100000000633 77.825978 78.04336900000001
82 95 0.21739100000000633 78.04336900000001 78.26076000000002
85 95 0.21739099999999212 78.26076000000002 78.47815100000001
87 95 0.21739100000000633 78.47815100000001 78.69554200000002
82 95 0.21739099999999212 78.69554200000002 78.91293300000001
80 95 0.21739100000000633 78.91293300000001 79.13032400000002
82 95 0.43478199999999845 79.13032400000002 79.56510600000001
87 95 0.21739099999999212 79.56510600000001 79.782497
89 95 0.21739100000000633 79.782497 79.99988800000001
90 95 0.21739100000000633 79.99988800000001 80.21727900000002
89 95 0.21739099999999212 80.21727900000002 80.43467000000001
87 95 0.21739100000000633 80.43467000000001 80.65206100000002
85 95 0.21739099999999212 80.65206100000002 80.86945200000001
82 95 0.43478199999999845 80.86945200000001 81.30423400000001
80 95 0.21739100000000633 81.30423400000001 81.52162500000001
82 95 0.21739099999999212 81.52162500000001 81.739016
80 95 0.21739100000000633 81.739016 81.95640700000001
78 95 0.21739100000000633 81.95640700000001 82.17379800000002
77 95 0.21739099999999212 82.17379800000002 82.39118900000001
73 95 0.21739100000000633 82.39118900000001 82.60858000000002
75 95 0.21739099999999212 82.60858000000002 82.82597100000001
80 95 0.21739099999999212 83.04336200000002 83.26075300000001
82 95 0.21739100000000633 83.26075300000001 83.47814400000001
85 95 0.21739099999999212 83.47814400000001 83.695535
87 95 0.21739100000000633 83.695535 83.91292600000001
82 95 0.21739100000000633 83.91292600000001 84.13031700000002
80 95 0.21739099999999212 84.13031700000002 84.34770800000001
82 95 0.43478199999999845 84.34770800000001 84.78249000000001
80 95 0.21739100000000633 84.78249000000001 84.99988100000002
82 95 0.21739099999999212 84.99988100000002 85.21727200000001
85 95 0.21739100000000633 85.21727200000001 85.43466300000001
87 95 0.21739099999999212 85.43466300000001 85.652054
82 95 0.21739100000000633 85.652054 85.86944500000001
80 95 0.21739100000000633 85.86944500000001 86.08683600000002
82 95 0.43478199999999845 86.08683600000002 86.52161800000002
80 95 0.21739099999999212 86.52161800000002 86.73900900000001
82 95 0.21739100000000633 86.73900900000001 86.95640000000002
80 95 0.21739099999999212 86.95640000000002 87.17379100000001
78 95 0.21739100000000633 87.17379100000001 87.39118200000001
77 95 0.21739099999999212 87.39118200000001 87.608573
73 95 0.21739100000000633 87.608573 87.82596400000001
75 95 0.43478199999999845 87.82596400000001 88.26074600000001
73 95 0.21739100000000633 88.26074600000001 88.47813700000002
75 95 0.21739099999999212 88.47813700000002 88.69552800000001
77 95 0.21739100000000633 88.69552800000001 88.91291900000002
78 95 0.21739099999999212 88.91291900000002 89.13031000000001
80 95 0.21739100000000633 89.13031000000001 89.34770100000001
82 95 0.21739099999999212 89.34770100000001 89.565092
75 95 0.43478200000001266 89.565092 89.99987400000002
80 95 0.21739099999999212 89.99987400000002 90.21726500000001
82 95 0.21739100000000633 90.21726500000001 90.43465600000002
85 95 0.21739099999999212 90.43465600000002 90.65204700000001
87 95 0.21739100000000633 90.65204700000001 90.86943800000002
82 95 0.21739099999999212 90.86943800000002 91.08682900000001
80 95 0.21739100000000633 91.08682900000001 91.30422000000002
82 95 0.43478199999999845 91.30422000000002 91.73900200000001
80 95 0.21739100000000633 91.73900200000001 91.95639300000002
82 95 0.21739099999999212 91.95639300000002 92.17378400000001
85 95 0.21739100000000633 92.17378400000001 92.39117500000002
87 95 0.21739099999999212 92.39117500000002 92.60856600000001
82 95 0.21739100000000633 92.60856600000001 92.82595700000002
80 95 0.21739099999999212 92.82595700000002 93.04334800000001
82 95 0.43478200000001266 93.04334800000001 93.47813000000002
80 95 0.21739099999999212 93.47813000000002 93.69552100000001
82 95 0.21739100000000633 93.69552100000001 93.91291200000002
80 95 0.21739099999999212 93.91291200000002 94.13030300000001
78 95 0.21739100000000633 94.13030300000001 94.34769400000002
77 95 0.21739099999999212 94.34769400000002 94.56508500000001
73 95 0.21739100000000633 94.56508500000001 94.78247600000002
75 95 0.43478199999999845 94.78247600000002 95.21725800000002
73 95 0.21739100000000633 95.21725800000002 95.43464900000002
75 95 0.21739099999999212 95.43464900000002 95.65204000000001
77 95 0.21739100000000633 95.65204000000001 95.86943100000002
78 95 0.21739099999999212 95.86943100000002 96.08682200000001
80 95 0.21739100000000633 96.08682200000001 96.30421300000002
82 95 0.21739099999999212 96.30421300000002 96.52160400000001
75 95 0.43478199999999845 96.52160400000001 96.95638600000001
80 95 0.21739100000000633 96.95638600000001 97.17377700000002
82 95 0.21739100000000633 97.17377700000002 97.39116800000002
85 95 0.21739099999999212 97.39116800000002 97.60855900000001
87 95 0.21739100000000633 97.60855900000001 97.82595000000002
82 95 0.21739099999999212 97.82595000000002 98.04334100000001
80 95 0.21739100000000633 98.04334100000001 98.26073200000002
82 95 0.43478199999999845 98.26073200000002 98.69551400000002
80 95 0.21739099999999212 98.69551400000002 98.91290500000001
82 95 0.21739100000000633 98.91290500000001 99.13029600000002
85 95 0.21739100000000633 99.13029600000002 99.34768700000002
87 95 0.21739099999999212 99.34768700000002 99.56507800000001
82 95 0.21739100000000633 99.56507800000001 99.78246900000002
80 95 0.21739099999999212 99.78246900000002 99.99986000000001
82 95 0.43478199999999845 99.99986000000001 100.43464200000001
80 95 0.21739100000000633 100.43464200000001 100.65203300000002
82 95 0.21739099999999212 100.65203300000002 100.86942400000001
80 95 0.21739100000000633 100.86942400000001 101.08681500000002
78 95 0.21739100000000633 101.08681500000002 101.30420600000002
77 95 0.21739099999999212 101.30420600000002 101.52159700000001
73 95 0.21739100000000633 101.52159700000001 101.73898800000002
75 95 0.43478199999999845 101.73898800000002 102.17377000000002
73 95 0.21739099999999212 102.17377000000002 102.39116100000001
75 95 0.21739100000000633 102.39116100000001 102.60855200000002
77 95 0.21739099999999212 102.60855200000002 102.82594300000001
78 95 0.21739100000000633 102.82594300000001 103.04333400000002
80 95 0.21739100000000633 103.04333400000002 103.26072500000002
82 95 0.21739099999999212 103.26072500000002 103.47811600000001
75 95 0.43478199999999845 103.47811600000001 103.91289800000001
80 95 0.21739100000000633 103.91289800000001 104.13028900000002
82 95 0.21739099999999212 104.13028900000002 104.34768000000001
85 95 0.21739100000000633 104.34768000000001 104.56507100000002
87 95 0.21739099999999212 104.56507100000002 104.78246200000001
82 95 0.21739100000000633 104.78246200000001 104.99985300000002
80 95 0.21739100000000633 104.99985300000002 105.21724400000002
82 95 0.43478199999999845 105.21724400000002 105.65202600000002
80 95 0.21739099999999212 105.65202600000002 105.86941700000001
82 95 0.21739100000000633 105.86941700000001 106.08680800000002
85 95 0.21739099999999212 106.08680800000002 106.30419900000001
87 95 0.21739100000000633 106.30419900000001 106.52159000000002
82 95 0.21739099999999212 106.52159000000002 106.73898100000001
80 95 0.21739100000000633 106.73898100000001 106.95637200000002
82 95 0.43478199999999845 106.95637200000002 107.39115400000001
87 95 0.21739100000000633 107.39115400000001 107.60854500000002
89 95 0.21739099999999212 107.60854500000002 107.82593600000001
90 95 0.21739100000000633 107.82593600000001 108.04332700000002
89 95 0.21739099999999212 108.04332700000002 108.26071800000001
87 95 0.21739100000000633 108.26071800000001 108.47810900000002
85 95 0.21739100000000633 108.47810900000002 108.69550000000002
82 95 0.43478199999999845 108.69550000000002 109.13028200000002
80 95 0.21739099999999212 109.13028200000002 109.34767300000001
82 95 0.21739100000000633 109.34767300000001 109.56506400000002
80 95 0.21739099999999212 109.56506400000002 109.78245500000001
78 95 0.21739100000000633 109.78245500000001 109.99984600000002
77 95 0.21739099999999212 109.99984600000002 110.21723700000001
73 95 0.21739100000000633 110.21723700000001 110.43462800000002
75 95 0.21739100000000633 110.43462800000002 110.65201900000002
75 95 0.21739099999999212 125.21721600000002 125.43460700000001
77 95 0.21739100000000633 125.43460700000001 125.65199800000002
78 95 0.21739100000000633 125.65199800000002 125.86938900000003
80 95 0.21739099999999212 125.86938900000003 126.08678000000002
82 95 0.43478199999999845 126.08678000000002 126.52156200000002
87 95 0.21739100000000633 126.52156200000002 126.73895300000002
85 95 0.21739099999999212 126.73895300000002 126.95634400000002
82 95 0.43478199999999845 126.95634400000002 127.39112600000001
75 95 0.43478200000001266 127.39112600000001 127.82590800000003
82 95 0.21739099999999212 127.82590800000003 128.04329900000002
80 95 0.21739099999999212 128.04329900000002 128.26069
78 95 0.21739100000002054 128.26069 128.47808100000003
77 95 0.21739099999999212 128.47808100000003 128.69547200000002
75 95 0.21739099999999212 128.69547200000002 128.91286300000002
77 95 0.21739099999999212 128.91286300000002 129.130254
78 95 0.21739100000002054 129.130254 129.34764500000003
80 95 0.21739099999999212 129.34764500000003 129.56503600000002
82 95 0.43478200000001266 129.56503600000002 129.99981800000003
80 95 0.21739099999999212 129.99981800000003 130.21720900000003
78 95 0.21739099999999212 130.21720900000003 130.43460000000002
77 95 0.21739099999999212 130.43460000000002 130.651991
75 95 0.21739100000002054 130.651991 130.86938200000003
77 95 0.21739099999999212 130.86938200000003 131.08677300000002
78 95 0.21739099999999212 131.08677300000002 131.30416400000001
77 95 0.21739099999999212 131.30416400000001 131.521555
75 95 0.21739100000002054 131.521555 131.73894600000003
74 95 0.21739099999999212 131.73894600000003 131.95633700000002
78 95 0.21739099999999212 131.95633700000002 132.173728
75 95 0.21739100000002054 132.173728 132.39111900000003
77 95 0.21739099999999212 132.39111900000003 132.60851000000002
78 95 0.21739099999999212 132.60851000000002 132.82590100000002
80 95 0.21739099999999212 132.82590100000002 133.043292
82 95 0.43478200000001266 133.043292 133.47807400000002
87 95 0.21739099999999212 133.47807400000002 133.695465
85 95 0.21739100000002054 133.695465 133.91285600000003
82 95 0.43478199999998424 133.91285600000003 134.34763800000002
75 95 0.43478200000001266 134.34763800000002 134.78242000000003
82 95 0.21739099999999212 134.78242000000003 134.99981100000002
80 95 0.21739099999999212 134.99981100000002 135.21720200000001
78 95 0.21739100000002054 135.21720200000001 135.43459300000004
77 95 0.21739099999999212 135.43459300000004 135.65198400000003
75 95 0.21739099999999212 135.65198400000003 135.86937500000002
77 95 0.21739099999999212 135.86937500000002 136.086766
78 95 0.21739100000002054 136.086766 136.30415700000003
80 95 0.21739099999999212 136.30415700000003 136.52154800000002
82 95 0.43478199999998424 136.52154800000002 136.95633
80 95 0.21739100000002054 136.95633 137.17372100000003
78 95 0.21739099999999212 137.17372100000003 137.39111200000002
77 95 0.43478200000001266 137.39111200000002 137.82589400000003
78 95 0.43478199999998424 137.82589400000003 138.26067600000002
80 95 0.43478200000001266 138.26067600000002 138.69545800000003
82 95 0.43478199999998424 138.69545800000003 139.13024000000001
75 95 0.21739100000002054 139.13024000000001 139.34763100000004
77 95 0.21739099999999212 139.34763100000004 139.56502200000003
78 95 0.21739099999999212 139.56502200000003 139.78241300000002
80 95 0.21739099999999212 139.78241300000002 139.999804
82 95 0.43478200000001266 139.999804 140.43458600000002
87 95 0.21739099999999212 140.43458600000002 140.65197700000002
85 95 0.21739099999999212 140.65197700000002 140.869368
82 95 0.43478200000001266 140.869368 141.30415000000002
75 95 0.43478200000001266 141.30415000000002 141.73893200000003
82 95 0.21739099999999212 141.73893200000003 141.95632300000003
80 95 0.21739099999999212 141.95632300000003 142.17371400000002
78 95 0.21739099999999212 142.17371400000002 142.391105
77 95 0.21739100000002054 142.391105 142.60849600000003
75 95 0.21739099999999212 142.60849600000003 142.82588700000002
77 95 0.21739099999999212 142.82588700000002 143.04327800000002
78 95 0.21739100000002054 143.04327800000002 143.26066900000004
80 95 0.21739099999999212 143.26066900000004 143.47806000000003
82 95 0.43478199999998424 143.47806000000003 143.912842
80 95 0.21739100000002054 143.912842 144.13023300000003
78 95 0.21739099999999212 144.13023300000003 144.34762400000002
77 95 0.21739099999999212 144.34762400000002 144.56501500000002
75 95 0.21739099999999212 144.56501500000002 144.782406
77 95 0.21739100000002054 144.782406 144.99979700000003
78 95 0.21739099999999212 144.99979700000003 145.21718800000002
77 95 0.21739099999999212 145.21718800000002 145.434579
75 95 0.21739100000002054 145.434579 145.65197000000003
74 95 0.21739099999999212 145.65197000000003 145.86936100000003
78 95 0.21739099999999212 145.86936100000003 146.08675200000002
75 95 0.21739099999999212 146.08675200000002 146.304143
77 95 0.21739100000002054 146.304143 146.52153400000003
78 95 0.21739099999999212 146.52153400000003 146.73892500000002
80 95 0.21739099999999212 146.73892500000002 146.95631600000002
82 95 0.43478200000001266 146.95631600000002 147.39109800000003
87 95 0.21739099999999212 147.39109800000003 147.60848900000002
85 95 0.21739099999999212 147.60848900000002 147.82588
82 95 0.43478200000001266 147.82588 148.26066200000002
75 95 0.43478199999998424 148.26066200000002 148.695444
82 95 0.21739100000002054 148.695444 148.91283500000003
80 95 0.21739099999999212 148.91283500000003 149.13022600000002
78 95 0.21739099999999212 149.13022600000002 149.347617
77 95 0.21739100000002054 149.347617 149.56500800000003
75 95 0.21739099999999212 149.56500800000003 149.78239900000003
77 95 0.21739099999999212 149.78239900000003 149.99979000000002
78 95 0.21739099999999212 149.99979000000002 150.217181
80 95 0.21739100000002054 150.217181 150.43457200000003
82 95 0.43478199999998424 150.43457200000003 150.86935400000002
80 95 0.21739100000002054 150.86935400000002 151.08674500000004
78 95 0.21739099999999212 151.08674500000004 151.30413600000003
77 95 0.43478199999998424 151.30413600000003 151.738918
78 95 0.43478200000001266 151.738918 152.17370000000003
80 95 0.43478200000001266 152.17370000000003 152.60848200000004
82 95 0.43478199999998424 152.60848200000004 153.04326400000002
85 95 0.21739099999999212 153.04326400000002 153.260655
87 95 0.21739100000002054 153.260655 153.47804600000003
82 95 0.21739099999999212 153.47804600000003 153.69543700000003
80 95 0.21739099999999212 153.69543700000003 153.91282800000002
82 95 0.43478200000001266 153.91282800000002 154.34761000000003
80 95 0.21739099999999212 154.34761000000003 154.56500100000002
82 95 0.21739099999999212 154.56500100000002 154.78239200000002
85 95 0.21739100000002054 154.78239200000002 154.99978300000004
87 95 0.21739099999999212 154.99978300000004 155.21717400000003
82 95 0.21739099999999212 155.21717400000003 155.43456500000002
80 95 0.21739099999999212 155.43456500000002 155.651956
82 95 0.43478200000001266 155.651956 156.08673800000003
80 95 0.21739099999999212 156.08673800000003 156.30412900000002
82 95 0.21739100000002054 156.30412900000002 156.52152000000004
80 95 0.21739099999999212 156.52152000000004 156.73891100000003
78 95 0.21739099999999212 156.73891100000003 156.95630200000002
77 95 0.21739099999999212 156.95630200000002 157.17369300000001
73 95 0.21739100000002054 157.17369300000001 157.39108400000003
75 95 0.43478199999998424 157.39108400000003 157.82586600000002
73 95 0.21739099999999212 157.82586600000002 158.043257
75 95 0.21739100000002054 158.043257 158.26064800000003
77 95 0.21739099999999212 158.26064800000003 158.47803900000002
78 95 0.21739099999999212 158.47803900000002 158.69543000000002
80 95 0.21739100000002054 158.69543000000002 158.91282100000004
82 95 0.21739099999999212 158.91282100000004 159.13021200000003
75 95 0.43478199999998424 159.13021200000003 159.564994
80 95 0.21739100000002054 159.564994 159.78238500000003
82 95 0.21739099999999212 159.78238500000003 159.99977600000003
85 95 0.21739099999999212 159.99977600000003 160.21716700000002
87 95 0.21739100000002054 160.21716700000002 160.43455800000004
82 95 0.21739099999999212 160.43455800000004 160.65194900000003
80 95 0.21739099999999212 160.65194900000003 160.86934000000002
82 95 0.43478200000001266 160.86934000000002 161.30412200000004
80 95 0.21739099999999212 161.30412200000004 161.52151300000003
82 95 0.21739099999999212 161.52151300000003 161.73890400000002
85 95 0.21739099999999212 161.73890400000002 161.956295
87 95 0.21739100000002054 161.956295 162.17368600000003
82 95 0.21739099999999212 162.17368600000003 162.39107700000002
80 95 0.21739099999999212 162.39107700000002 162.60846800000002
82 95 0.43478200000001266 162.60846800000002 163.04325000000003
80 95 0.21739099999999212 163.04325000000003 163.26064100000002
82 95 0.21739099999999212 163.26064100000002 163.478032
80 95 0.21739100000002054 163.478032 163.69542300000003
78 95 0.21739099999999212 163.69542300000003 163.91281400000003
77 95 0.21739099999999212 163.91281400000003 164.13020500000002
73 95 0.21739100000002054 164.13020500000002 164.34759600000004
75 95 0.43478199999998424 164.34759600000004 164.78237800000002
73 95 0.21739099999999212 164.78237800000002 164.99976900000001
75 95 0.21739100000002054 164.99976900000001 165.21716000000004
77 95 0.21739099999999212 165.21716000000004 165.43455100000003
78 95 0.21739099999999212 165.43455100000003 165.65194200000002
80 95 0.21739099999999212 165.65194200000002 165.869333
82 95 0.21739100000002054 165.869333 166.08672400000003
75 95 0.43478199999998424 166.08672400000003 166.52150600000002
80 95 0.21739100000002054 166.52150600000002 166.73889700000004
82 95 0.21739099999999212 166.73889700000004 166.95628800000003
85 95 0.21739099999999212 166.95628800000003 167.17367900000002
87 95 0.21739099999999212 167.17367900000002 167.39107
82 95 0.21739100000002054 167.39107 167.60846100000003
80 95 0.21739099999999212 167.60846100000003 167.82585200000003
82 95 0.43478200000001266 167.82585200000003 168.26063400000004
80 95 0.21739099999999212 168.26063400000004 168.47802500000003
82 95 0.21739099999999212 168.47802500000003 168.69541600000002
85 95 0.21739099999999212 168.69541600000002 168.91280700000002
87 95 0.21739100000002054 168.91280700000002 169.13019800000004
82 95 0.21739099999999212 169.13019800000004 169.34758900000003
80 95 0.21739099999999212 169.34758900000003 169.56498000000002
82 95 0.43478200000001266 169.56498000000002 169.99976200000003
80 95 0.21739099999999212 169.99976200000003 170.21715300000002
82 95 0.21739099999999212 170.21715300000002 170.43454400000002
80 95 0.21739100000002054 170.43454400000002 170.65193500000004
78 95 0.21739099999999212 170.65193500000004 170.86932600000003
77 95 0.21739099999999212 170.86932600000003 171.08671700000002
73 95 0.21739099999999212 171.08671700000002 171.304108
75 95 0.43478200000001266 171.304108 171.73889000000003
73 95 0.21739099999999212 171.73889000000003 171.95628100000002
75 95 0.21739100000002054 171.95628100000002 172.17367200000004
77 95 0.21739099999999212 172.17367200000004 172.39106300000003
78 95 0.21739099999999212 172.39106300000003 172.60845400000002
80 95 0.21739099999999212 172.60845400000002 172.82584500000002
82 95 0.21739100000002054 172.82584500000002 173.04323600000004
75 95 0.43478199999998424 173.04323600000004 173.47801800000002
80 95 0.21739100000002054 173.47801800000002 173.69540900000004
82 95 0.21739099999999212 173.69540900000004 173.91280000000003
85 95 0.21739099999999212 173.91280000000003 174.13019100000002
87 95 0.21739099999999212 174.13019100000002 174.34758200000002
82 95 0.21739100000002054 174.34758200000002 174.56497300000004
80 95 0.21739099999999212 174.56497300000004 174.78236400000003
82 95 0.43478199999998424 174.78236400000003 175.217146
80 95 0.21739100000002054 175.217146 175.43453700000003
82 95 0.21739099999999212 175.43453700000003 175.65192800000003
85 95 0.21739099999999212 175.65192800000003 175.86931900000002
87 95 0.21739100000002054 175.86931900000002 176.08671000000004
82 95 0.21739099999999212 176.08671000000004 176.30410100000003
80 95 0.21739099999999212 176.30410100000003 176.52149200000002
82 95 0.43478200000001266 176.52149200000002 176.95627400000004
87 95 0.21739099999999212 176.95627400000004 177.17366500000003
89 95 0.21739099999999212 177.17366500000003 177.39105600000002
90 95 0.21739100000002054 177.39105600000002 177.60844700000004
89 95 0.21739099999999212 177.60844700000004 177.82583800000003
87 95 0.21739099999999212 177.82583800000003 178.04322900000003
85 95 0.21739099999999212 178.04322900000003 178.26062000000002
82 95 0.43478200000001266 178.26062000000002 178.69540200000003
80 95 0.21739099999999212 178.69540200000003 178.91279300000002
82 95 0.21739099999999212 178.91279300000002 179.130184
80 95 0.21739100000002054 179.130184 179.34757500000003
78 95 0.21739099999999212 179.34757500000003 179.56496600000003
77 95 0.21739099999999212 179.56496600000003 179.78235700000002
73 95 0.21739100000002054 179.78235700000002 179.99974800000004
75 95 0.21739099999999212 179.99974800000004 180.21713900000003
80 95 0.21739099999999212 180.43453000000002 180.65192100000002
82 95 0.21739100000002054 180.65192100000002 180.86931200000004
