75 95 0.10869549999999961 13.913024000000002 14.021719500000001
74 95 0.10869550000000139 14.021719500000001 14.130415000000003
73 95 0.10869549999999961 14.130415000000003 14.239110500000002
72 95 0.10869549999999961 14.239110500000002 14.347806000000002
71 95 0.10869549999999961 14.347806000000002 14.456501500000002
70 95 0.10869550000000139 14.456501500000002 14.565197000000003
69 95 0.10869549999999961 14.565197000000003 14.673892500000003
68 95 0.10869549999999961 14.673892500000003 14.782588000000002
67 95 0.10869549999999961 14.782588000000002 14.891283500000002
66 95 0.10869549999999961 14.891283500000002 14.999979000000002
65 95 0.10869550000000139 14.999979000000002 15.108674500000003
64 95 0.10869549999999961 15.108674500000003 15.217370000000003
63 95 0.10869549999999961 15.217370000000003 15.326065500000002
62 95 0.10869549999999961 15.326065500000002 15.434761000000002
61 95 0.10869550000000139 15.434761000000002 15.543456500000003
60 95 0.10869549999999961 15.543456500000003 15.652152000000003
59 95 0.10869549999999961 15.652152000000003 15.760847500000002
58 95 0.10869549999999961 15.760847500000002 15.869543000000002
57 95 0.10869550000000139 15.869543000000002 15.978238500000003
56 95 0.10869549999999961 15.978238500000003 16.086934000000003
55 95 0.10869549999999961 16.086934000000003 16.195629500000003
54 95 0.10869549999999961 16.195629500000003 16.304325000000002
53 95 0.10869549999999961 16.304325000000002 16.413020500000002
52 95 0.10869549999999961 16.413020500000002 16.521716
51 95 0.10869549999999961 16.521716 16.6304115
50 95 0.10869550000000316 16.6304115 16.739107000000004
49 95 0.10869549999999961 16.739107000000004 16.847802500000004
48 95 0.10869549999999961 16.847802500000004 16.956498000000003
47 95 0.10869549999999961 16.956498000000003 17.065193500000003
46 95 0.10869549999999961 17.065193500000003 17.173889000000003
45 95 0.10869549999999961 17.173889000000003 17.282584500000002
44 95 0.10869549999999961 17.282584500000002 17.391280000000002
43 95 0.10869549999999961 17.391280000000002 17.4999755
42 95 0.10869549999999961 17.4999755 17.608671
41 95 0.10869550000000316 17.608671 17.717366500000004
40 95 0.10869549999999961 17.717366500000004 17.826062000000004
39 95 0.10869549999999961 17.826062000000004 17.934757500000003
38 95 0.10869549999999961 17.934757500000003 18.043453000000003
37 95 0.10869549999999961 18.043453000000003 18.152148500000003
36 95 0.10869549999999961 18.152148500000003 18.260844000000002
35 95 0.10869549999999961 18.260844000000002 18.369539500000002
34 95 0.10869549999999961 18.369539500000002 18.478235
33 95 0.10869549999999961 18.478235 18.5869305
32 95 0.10869550000000316 18.5869305 18.695626000000004
31 95 0.10869549999999961 18.695626000000004 18.804321500000004
30 95 0.10869549999999961 18.804321500000004 18.913017000000004
29 95 0.10869549999999961 18.913017000000004 19.021712500000003
28 95 0.10869549999999961 19.021712500000003 19.130408000000003
