35 95 0.43478200000000006 0.0 0.43478200000000006
35 95 0.43478200000000006 0.43478200000000006 0.8695640000000001
35 95 0.4347820000000001 0.8695640000000001 1.3043460000000002
35 95 0.10869550000000006 1.3043460000000002 1.4130415000000003
35 95 0.10869550000000006 1.4130415000000003 1.5217370000000003
35 95 0.10869549999999983 1.5217370000000003 1.6304325000000002
35 95 0.10869550000000006 1.6304325000000002 1.7391280000000002
35 95 0.434782 1.7391280000000002 2.1739100000000002
35 95 0.4347820000000002 2.1739100000000002 2.6086920000000005
35 95 0.4347820000000002 2.6086920000000005 3.0434740000000007
35 95 0.21739099999999967 3.0434740000000007 3.2608650000000003
35 95 0.2173910000000001 3.2608650000000003 3.4782560000000005
35 95 0.4347820000000002 3.4782560000000005 3.9130380000000007
35 95 0.4347819999999998 3.9130380000000007 4.3478200000000005
35 95 0.4347820000000002 4.3478200000000005 4.782602000000001
35 95 0.1086955000000005 4.782602000000001 4.891297500000001
35 95 0.10869549999999961 4.891297500000001 4.999993000000001
35 95 0.10869549999999961 4.999993000000001 5.1086885
35 95 0.1086955000000005 5.1086885 5.217384000000001
35 95 0.4347820000000002 5.217384000000001 5.652166000000001
35 95 0.4347820000000002 5.652166000000001 6.086948000000001
35 95 0.43478199999999934 6.086948000000001 6.521730000000001
35 95 0.2173910000000001 6.521730000000001 6.739121000000001
35 95 0.2173910000000001 6.739121000000001 6.956512000000001
35 95 0.4347820000000002 6.956512000000001 7.391294000000001
35 95 0.4347820000000002 7.391294000000001 7.826076000000001
35 95 0.43478199999999934 7.826076000000001 8.260858
35 95 0.10869550000000139 8.260858 8.369553500000002
35 95 0.10869549999999961 8.369553500000002 8.478249000000002
35 95 0.10869549999999961 8.478249000000002 8.586944500000001
35 95 0.10869549999999961 8.586944500000001 8.695640000000001
35 95 0.4347820000000002 8.695640000000001 9.130422000000001
35 95 0.4347820000000002 9.130422000000001 9.565204000000001
35 95 0.4347820000000002 9.565204000000001 9.999986000000002
35 95 0.21739099999999922 9.999986000000002 10.217377
35 95 0.217391000000001 10.217377 10.434768000000002
35 95 0.4347820000000002 10.434768000000002 10.869550000000002
35 95 0.4347820000000002 10.869550000000002 11.304332000000002
35 95 0.4347820000000002 11.304332000000002 11.739114000000002
35 95 0.10869549999999961 11.739114000000002 11.847809500000002
35 95 0.10869549999999961 11.847809500000002 11.956505000000002
35 95 0.10869549999999961 11.956505000000002 12.065200500000001
35 95 0.10869550000000139 12.065200500000001 12.173896000000003
35 95 0.43478199999999845 12.173896000000003 12.608678000000001
35 95 0.4347820000000002 12.608678000000001 13.043460000000001
35 95 0.4347820000000002 13.043460000000001 13.478242000000002
35 95 0.4347820000000002 13.478242000000002 13.913024000000002
35 95 0.4347820000000002 13.913024000000002 14.347806000000002
35 95 0.4347820000000002 14.347806000000002 14.782588000000002
35 95 0.4347820000000002 14.782588000000002 15.217370000000003
35 95 0.10869549999999961 15.217370000000003 15.326065500000002
35 95 0.10869549999999961 15.326065500000002 15.434761000000002
35 95 0.10869550000000139 15.434761000000002 15.543456500000003
35 95 0.10869549999999961 15.543456500000003 15.652152000000003
35 95 0.4347820000000002 15.652152000000003 16.086934000000003
35 95 0.43478199999999845 16.086934000000003 16.521716
35 95 0.434782000000002 16.521716 16.956498000000003
35 95 0.21739099999999922 16.956498000000003 17.173889000000003
35 95 0.21739099999999922 17.173889000000003 17.391280000000002
35 95 0.434782000000002 17.391280000000002 17.826062000000004
35 95 0.43478199999999845 17.826062000000004 18.260844000000002
35 95 0.434782000000002 18.260844000000002 18.695626000000004
35 95 0.10869549999999961 18.695626000000004 18.804321500000004
35 95 0.10869549999999961 18.804321500000004 18.913017000000004
35 95 0.10869549999999961 18.913017000000004 19.021712500000003
35 95 0.10869549999999961 19.021712500000003 19.130408000000003
35 95 0.434782000000002 19.130408000000003 19.565190000000005
35 95 0.43478199999999845 19.565190000000005 19.999972000000003
35 95 0.43478199999999845 19.999972000000003 20.434754
35 95 0.21739100000000278 20.434754 20.652145000000004
35 95 0.21739099999999922 20.652145000000004 20.869536000000004
35 95 0.43478199999999845 20.869536000000004 21.304318000000002
35 95 0.434782000000002 21.304318000000002 21.739100000000004
35 95 0.43478199999999845 21.739100000000004 22.173882000000003
35 95 0.10869549999999961 22.173882000000003 22.282577500000002
35 95 0.10869549999999961 22.282577500000002 22.391273
35 95 0.10869550000000316 22.391273 22.499968500000005
35 95 0.10869549999999961 22.499968500000005 22.608664000000005
35 95 0.43478199999999845 22.608664000000005 23.043446000000003
35 95 0.434782000000002 23.043446000000003 23.478228000000005
35 95 0.43478199999999845 23.478228000000005 23.913010000000003
35 95 0.21739099999999922 23.913010000000003 24.130401000000003
35 95 0.21739100000000278 24.130401000000003 24.347792000000005
35 95 0.43478199999999845 24.347792000000005 24.782574000000004
35 95 0.43478199999999845 24.782574000000004 25.217356000000002
35 95 0.434782000000002 25.217356000000002 25.652138000000004
35 95 0.10869549999999961 25.652138000000004 25.760833500000004
35 95 0.10869549999999961 25.760833500000004 25.869529000000004
35 95 0.10869549999999961 25.869529000000004 25.978224500000003
35 95 0.10869549999999961 25.978224500000003 26.086920000000003
35 95 0.434782000000002 26.086920000000003 26.521702000000005
35 95 0.43478199999999845 26.521702000000005 26.956484000000003
35 95 0.434782000000002 26.956484000000003 27.391266000000005
35 95 0.43478199999999845 27.391266000000005 27.826048000000004
35 95 0.434782000000002 27.826048000000004 28.260830000000006
35 95 0.43478199999999845 28.260830000000006 28.695612000000004
35 95 0.434782000000002 28.695612000000004 29.130394000000006
35 95 0.10869549999999961 29.130394000000006 29.239089500000006
35 95 0.10869549999999961 29.239089500000006 29.347785000000005
35 95 0.10869549999999961 29.347785000000005 29.456480500000005
35 95 0.10869549999999961 29.456480500000005 29.565176000000005
35 95 0.43478199999999845 29.565176000000005 29.999958000000003
35 95 0.434782000000002 29.999958000000003 30.434740000000005
35 95 0.43478199999999845 30.434740000000005 30.869522000000003
35 95 0.21739100000000278 30.869522000000003 31.086913000000006
35 95 0.21739099999999922 31.086913000000006 31.304304000000005
35 95 0.43478199999999845 31.304304000000005 31.739086000000004
35 95 0.434782000000002 31.739086000000004 32.173868000000006
35 95 0.43478199999999845 32.173868000000006 32.608650000000004
35 95 0.10869550000000316 32.608650000000004 32.71734550000001
35 95 0.10869549999999606 32.71734550000001 32.826041000000004
35 95 0.10869550000000316 32.826041000000004 32.93473650000001
35 95 0.10869549999999606 32.93473650000001 33.043432
35 95 0.43478200000000555 33.043432 33.47821400000001
35 95 0.43478199999999845 33.47821400000001 33.91299600000001
35 95 0.43478199999999845 33.91299600000001 34.347778000000005
35 95 0.21739099999999922 34.347778000000005 34.565169000000004
35 95 0.21739099999999922 34.565169000000004 34.782560000000004
35 95 0.43478199999999845 34.782560000000004 35.217342
35 95 0.43478200000000555 35.217342 35.65212400000001
35 95 0.43478199999999845 35.65212400000001 36.086906000000006
35 95 0.10869549999999606 36.086906000000006 36.1956015
35 95 0.10869550000000316 36.1956015 36.304297000000005
35 95 0.10869550000000316 36.304297000000005 36.41299250000001
35 95 0.10869549999999606 36.41299250000001 36.521688000000005
35 95 0.43478199999999845 36.521688000000005 36.95647
35 95 0.43478200000000555 36.95647 37.39125200000001
35 95 0.43478199999999845 37.39125200000001 37.82603400000001
35 95 0.21739099999999922 37.82603400000001 38.043425000000006
35 95 0.21739099999999922 38.043425000000006 38.260816000000005
35 95 0.43478199999999845 38.260816000000005 38.695598000000004
35 95 0.43478200000000555 38.695598000000004 39.13038000000001
35 95 0.43478199999999845 39.13038000000001 39.56516200000001
35 95 0.10869549999999606 39.56516200000001 39.673857500000004
35 95 0.10869550000000316 39.673857500000004 39.78255300000001
35 95 0.10869549999999606 39.78255300000001 39.8912485
35 95 0.10869550000000316 39.8912485 39.999944000000006
35 95 0.43478199999999845 39.999944000000006 40.434726000000005
35 95 0.43478199999999845 40.434726000000005 40.869508
35 95 0.43478200000000555 40.869508 41.30429000000001
35 95 0.43478199999999845 41.30429000000001 41.73907200000001
35 95 0.43478199999999845 41.73907200000001 42.173854000000006
35 95 0.43478199999999845 42.173854000000006 42.608636000000004
35 95 0.43478200000000555 42.608636000000004 43.04341800000001
35 95 0.10869549999999606 43.04341800000001 43.152113500000006
35 95 0.10869550000000316 43.152113500000006 43.26080900000001
35 95 0.10869549999999606 43.26080900000001 43.369504500000005
35 95 0.10869550000000316 43.369504500000005 43.47820000000001
35 95 0.43478199999999845 43.47820000000001 43.91298200000001
35 95 0.43478199999999845 43.91298200000001 44.347764000000005
35 95 0.43478199999999845 44.347764000000005 44.782546
35 95 0.21739100000000633 44.782546 44.99993700000001
35 95 0.21739099999999922 44.99993700000001 45.21732800000001
35 95 0.43478199999999845 45.21732800000001 45.65211000000001
35 95 0.43478199999999845 45.65211000000001 46.086892000000006
35 95 0.43478199999999845 46.086892000000006 46.521674000000004
35 95 0.10869550000000316 46.521674000000004 46.63036950000001
35 95 0.10869550000000316 46.63036950000001 46.73906500000001
35 95 0.10869549999999606 46.73906500000001 46.84776050000001
35 95 0.10869550000000316 46.84776050000001 46.95645600000001
35 95 0.43478199999999845 46.95645600000001 47.39123800000001
35 95 0.43478199999999845 47.39123800000001 47.82602000000001
35 95 0.43478199999999845 47.82602000000001 48.260802000000005
35 95 0.21739099999999922 48.260802000000005 48.478193000000005
35 95 0.21739100000000633 48.478193000000005 48.69558400000001
35 95 0.43478199999999845 48.69558400000001 49.13036600000001
35 95 0.43478199999999845 49.13036600000001 49.56514800000001
35 95 0.43478199999999845 49.56514800000001 49.999930000000006
35 95 0.10869550000000316 49.999930000000006 50.10862550000001
35 95 0.10869549999999606 50.10862550000001 50.217321000000005
35 95 0.10869550000000316 50.217321000000005 50.32601650000001
35 95 0.10869549999999606 50.32601650000001 50.434712000000005
35 95 0.43478200000000555 50.434712000000005 50.86949400000001
35 95 0.43478199999999845 50.86949400000001 51.30427600000001
35 95 0.43478199999999845 51.30427600000001 51.73905800000001
35 95 0.21739099999999922 51.73905800000001 51.956449000000006
35 95 0.21739099999999922 51.956449000000006 52.173840000000006
35 95 0.43478200000000555 52.173840000000006 52.60862200000001
35 95 0.43478199999999845 52.60862200000001 53.04340400000001
35 95 0.43478199999999845 53.04340400000001 53.47818600000001
35 95 0.10869550000000316 53.47818600000001 53.58688150000001
35 95 0.10869549999999606 53.58688150000001 53.69557700000001
35 95 0.10869550000000316 53.69557700000001 53.80427250000001
35 95 0.10869549999999606 53.80427250000001 53.912968000000006
35 95 0.43478200000000555 53.912968000000006 54.34775000000001
35 95 0.43478199999999845 54.34775000000001 54.78253200000001
35 95 0.43478199999999845 54.78253200000001 55.21731400000001
35 95 0.43478199999999845 55.21731400000001 55.65209600000001
35 95 0.43478199999999845 55.65209600000001 56.086878000000006
35 95 0.43478200000000555 56.086878000000006 56.52166000000001
35 95 0.43478199999999845 56.52166000000001 56.95644200000001
35 95 0.10869549999999606 56.95644200000001 57.065137500000006
35 95 0.10869550000000316 57.065137500000006 57.17383300000001
35 95 0.10869550000000316 57.17383300000001 57.28252850000001
35 95 0.10869549999999606 57.28252850000001 57.39122400000001
35 95 0.43478199999999845 57.39122400000001 57.82600600000001
35 95 0.43478200000000555 57.82600600000001 58.26078800000001
35 95 0.43478199999999845 58.26078800000001 58.69557000000001
35 95 0.21739099999999922 58.69557000000001 58.91296100000001
35 95 0.21739099999999922 58.91296100000001 59.13035200000001
35 95 0.43478199999999845 59.13035200000001 59.56513400000001
35 95 0.43478199999999845 59.56513400000001 59.999916000000006
35 95 0.43478200000000555 59.999916000000006 60.43469800000001
35 95 0.10869549999999606 60.43469800000001 60.54339350000001
35 95 0.10869550000000316 60.54339350000001 60.65208900000001
35 95 0.10869549999999606 60.65208900000001 60.76078450000001
35 95 0.10869550000000316 60.76078450000001 60.86948000000001
35 95 0.43478199999999845 60.86948000000001 61.30426200000001
35 95 0.43478199999999845 61.30426200000001 61.73904400000001
35 95 0.43478200000000555 61.73904400000001 62.17382600000001
35 95 0.21739099999999922 62.17382600000001 62.39121700000001
35 95 0.21739099999999922 62.39121700000001 62.60860800000001
35 95 0.43478199999999845 62.60860800000001 63.04339000000001
35 95 0.43478199999999845 63.04339000000001 63.47817200000001
35 95 0.43478200000000555 63.47817200000001 63.91295400000001
35 95 0.10869549999999606 63.91295400000001 64.02164950000001
35 95 0.10869549999999606 64.02164950000001 64.130345
35 95 0.10869550000001027 64.130345 64.23904050000002
35 95 0.10869549999999606 64.23904050000002 64.34773600000001
35 95 0.43478199999999845 64.34773600000001 64.78251800000001
35 95 0.43478199999999845 64.78251800000001 65.21730000000001
35 95 0.43478199999999845 65.21730000000001 65.65208200000001
35 95 0.21739100000000633 65.65208200000001 65.86947300000001
35 95 0.21739099999999212 65.86947300000001 66.086864
35 95 0.43478199999999845 66.086864 66.521646
35 95 0.43478200000001266 66.521646 66.95642800000002
35 95 0.43478199999999845 66.95642800000002 67.39121000000002
35 95 0.10869549999999606 67.39121000000002 67.49990550000001
35 95 0.10869549999999606 67.49990550000001 67.60860100000001
35 95 0.10869550000001027 67.60860100000001 67.71729650000002
35 95 0.10869549999999606 67.71729650000002 67.82599200000001
35 95 0.43478199999999845 67.82599200000001 68.26077400000001
35 95 0.43478199999999845 68.26077400000001 68.69555600000001
35 95 0.43478199999999845 68.69555600000001 69.13033800000001
35 95 0.43478199999999845 69.13033800000001 69.56512000000001
35 95 0.43478199999999845 69.56512000000001 69.999902
35 95 0.43478199999999845 69.999902 70.434684
35 95 0.43478200000001266 70.434684 70.86946600000002
35 95 0.10869549999999606 70.86946600000002 70.97816150000001
35 95 0.10869549999999606 70.97816150000001 71.08685700000001
35 95 0.10869549999999606 71.08685700000001 71.1955525
35 95 0.10869550000001027 71.1955525 71.30424800000002
35 95 0.43478199999999845 71.30424800000002 71.73903000000001
35 95 0.43478199999999845 71.73903000000001 72.17381200000001
35 95 0.43478199999999845 72.17381200000001 72.60859400000001
35 95 0.21739100000000633 72.60859400000001 72.82598500000002
35 95 0.21739099999999212 72.82598500000002 73.04337600000001
35 95 0.43478199999999845 73.04337600000001 73.47815800000001
35 95 0.43478199999999845 73.47815800000001 73.91294
35 95 0.43478199999999845 73.91294 74.347722
35 95 0.10869550000001027 74.347722 74.45641750000001
35 95 0.10869549999999606 74.45641750000001 74.56511300000001
35 95 0.10869549999999606 74.56511300000001 74.6738085
35 95 0.10869550000001027 74.6738085 74.78250400000002
35 95 0.43478199999999845 74.78250400000002 75.21728600000002
35 95 0.43478199999999845 75.21728600000002 75.65206800000001
35 95 0.43478199999999845 75.65206800000001 76.08685000000001
35 95 0.21739100000000633 76.08685000000001 76.30424100000002
35 95 0.21739099999999212 76.30424100000002 76.52163200000001
35 95 0.43478199999999845 76.52163200000001 76.95641400000001
35 95 0.43478199999999845 76.95641400000001 77.39119600000001
35 95 0.43478199999999845 77.39119600000001 77.825978
35 95 0.10869550000001027 77.825978 77.93467350000002
35 95 0.10869549999999606 77.93467350000002 78.04336900000001
35 95 0.10869549999999606 78.04336900000001 78.15206450000001
35 95 0.10869550000001027 78.15206450000001 78.26076000000002
35 95 0.43478199999999845 78.26076000000002 78.69554200000002
35 95 0.43478199999999845 78.69554200000002 79.13032400000002
35 95 0.43478199999999845 79.13032400000002 79.56510600000001
35 95 0.21739099999999212 79.56510600000001 79.782497
35 95 0.21739100000000633 79.782497 79.99988800000001
35 95 0.43478199999999845 79.99988800000001 80.43467000000001
35 95 0.43478199999999845 80.43467000000001 80.86945200000001
35 95 0.43478199999999845 80.86945200000001 81.30423400000001
35 95 0.10869550000001027 81.30423400000001 81.41292950000002
35 95 0.10869549999999606 81.41292950000002 81.52162500000001
35 95 0.10869549999999606 81.52162500000001 81.63032050000001
35 95 0.10869549999999606 81.63032050000001 81.739016
35 95 0.43478200000001266 81.739016 82.17379800000002
35 95 0.43478199999999845 82.17379800000002 82.60858000000002
35 95 0.43478199999999845 82.60858000000002 83.04336200000002
35 95 0.43478199999999845 83.04336200000002 83.47814400000001
35 95 0.43478199999999845 111.30419200000001 111.73897400000001
35 95 0.43478199999999845 111.73897400000001 112.17375600000001
35 95 0.43478200000001266 112.17375600000001 112.60853800000002
35 95 0.10869549999999606 112.60853800000002 112.71723350000002
35 95 0.10869549999999606 112.71723350000002 112.82592900000002
35 95 0.10869549999999606 112.82592900000002 112.93462450000001
35 95 0.10869550000001027 112.93462450000001 113.04332000000002
35 95 0.43478199999999845 113.04332000000002 113.47810200000002
35 95 0.43478199999999845 113.47810200000002 113.91288400000002
35 95 0.43478199999999845 113.91288400000002 114.34766600000002
35 95 0.21739100000000633 114.34766600000002 114.56505700000002
35 95 0.21739099999999212 114.56505700000002 114.78244800000002
35 95 0.43478199999999845 114.78244800000002 115.21723000000001
35 95 0.43478199999999845 115.21723000000001 115.65201200000001
35 95 0.43478199999999845 115.65201200000001 116.08679400000001
35 95 0.10869550000001027 116.08679400000001 116.19548950000002
35 95 0.10869549999999606 116.19548950000002 116.30418500000002
35 95 0.10869549999999606 116.30418500000002 116.41288050000001
35 95 0.10869550000001027 116.41288050000001 116.52157600000002
35 95 0.43478199999999845 116.52157600000002 116.95635800000002
35 95 0.43478199999999845 116.95635800000002 117.39114000000002
35 95 0.43478199999999845 117.39114000000002 117.82592200000002
35 95 0.21739099999999212 117.82592200000002 118.04331300000001
35 95 0.21739100000000633 118.04331300000001 118.26070400000002
35 95 0.43478199999999845 118.26070400000002 118.69548600000002
35 95 0.43478199999999845 118.69548600000002 119.13026800000002
35 95 0.43478199999999845 119.13026800000002 119.56505000000001
35 95 0.10869550000001027 119.56505000000001 119.67374550000002
35 95 0.10869549999999606 119.67374550000002 119.78244100000002
35 95 0.10869549999999606 119.78244100000002 119.89113650000002
35 95 0.10869549999999606 119.89113650000002 119.99983200000001
35 95 0.43478200000001266 119.99983200000001 120.43461400000002
35 95 0.43478199999999845 120.43461400000002 120.86939600000002
35 95 0.43478199999999845 120.86939600000002 121.30417800000002
35 95 0.21739099999999212 121.30417800000002 121.52156900000001
35 95 0.21739100000000633 121.52156900000001 121.73896000000002
35 95 0.43478199999999845 121.73896000000002 122.17374200000002
35 95 0.43478199999999845 122.17374200000002 122.60852400000002
35 95 0.43478199999999845 122.60852400000002 123.04330600000002
35 95 0.10869550000001027 123.04330600000002 123.15200150000003
35 95 0.10869549999999606 123.15200150000003 123.26069700000002
35 95 0.10869549999999606 123.26069700000002 123.36939250000002
35 95 0.10869549999999606 123.36939250000002 123.47808800000001
35 95 0.43478199999999845 123.47808800000001 123.91287000000001
35 95 0.43478200000001266 123.91287000000001 124.34765200000002
35 95 0.43478199999999845 124.34765200000002 124.78243400000002
35 95 0.43478199999999845 124.78243400000002 125.21721600000002
35 95 0.43478199999999845 125.21721600000002 125.65199800000002
35 95 0.43478199999999845 125.65199800000002 126.08678000000002
35 95 0.43478199999999845 126.08678000000002 126.52156200000002
35 95 0.10869549999999606 126.52156200000002 126.63025750000001
35 95 0.10869550000001027 126.63025750000001 126.73895300000002
35 95 0.10869549999999606 126.73895300000002 126.84764850000002
35 95 0.10869549999999606 126.84764850000002 126.95634400000002
35 95 0.43478199999999845 126.95634400000002 127.39112600000001
35 95 0.43478200000001266 127.39112600000001 127.82590800000003
35 95 0.43478199999998424 127.82590800000003 128.26069
35 95 0.21739100000002054 128.26069 128.47808100000003
35 95 0.21739099999999212 128.47808100000003 128.69547200000002
35 95 0.43478199999998424 128.69547200000002 129.130254
35 95 0.43478200000001266 129.130254 129.56503600000002
35 95 0.43478200000001266 129.56503600000002 129.99981800000003
35 95 0.10869549999998185 129.99981800000003 130.10851350000002
35 95 0.10869550000001027 130.10851350000002 130.21720900000003
35 95 0.10869549999998185 130.21720900000003 130.3259045
35 95 0.10869550000001027 130.3259045 130.43460000000002
35 95 0.43478200000001266 130.43460000000002 130.86938200000003
35 95 0.43478199999998424 130.86938200000003 131.30416400000001
35 95 0.43478200000001266 131.30416400000001 131.73894600000003
35 95 0.21739099999999212 131.73894600000003 131.95633700000002
35 95 0.21739099999999212 131.95633700000002 132.173728
35 95 0.43478200000001266 132.173728 132.60851000000002
35 95 0.43478199999998424 132.60851000000002 133.043292
35 95 0.43478200000001266 133.043292 133.47807400000002
35 95 0.10869550000001027 133.47807400000002 133.58676950000003
35 95 0.10869549999998185 133.58676950000003 133.695465
35 95 0.10869550000001027 133.695465 133.80416050000002
35 95 0.10869550000001027 133.80416050000002 133.91285600000003
35 95 0.43478199999998424 133.91285600000003 134.34763800000002
35 95 0.43478200000001266 134.34763800000002 134.78242000000003
35 95 0.43478199999998424 134.78242000000003 135.21720200000001
35 95 0.21739100000002054 135.21720200000001 135.43459300000004
35 95 0.21739099999999212 135.43459300000004 135.65198400000003
35 95 0.43478199999998424 135.65198400000003 136.086766
35 95 0.43478200000001266 136.086766 136.52154800000002
35 95 0.43478199999998424 136.52154800000002 136.95633
35 95 0.10869550000001027 136.95633 137.06502550000002
35 95 0.10869550000001027 137.06502550000002 137.17372100000003
35 95 0.10869549999998185 137.17372100000003 137.2824165
35 95 0.10869550000001027 137.2824165 137.39111200000002
35 95 0.43478200000001266 137.39111200000002 137.82589400000003
35 95 0.43478199999998424 137.82589400000003 138.26067600000002
35 95 0.43478200000001266 138.26067600000002 138.69545800000003
35 95 0.43478199999998424 138.69545800000003 139.13024000000001
35 95 0.43478200000001266 139.13024000000001 139.56502200000003
35 95 0.43478199999998424 139.56502200000003 139.999804
35 95 0.43478200000001266 139.999804 140.43458600000002
35 95 0.10869550000001027 140.43458600000002 140.54328150000003
35 95 0.10869549999998185 140.54328150000003 140.65197700000002
35 95 0.10869550000001027 140.65197700000002 140.76067250000003
35 95 0.10869549999998185 140.76067250000003 140.869368
35 95 0.43478200000001266 140.869368 141.30415000000002
35 95 0.43478200000001266 141.30415000000002 141.73893200000003
35 95 0.43478199999998424 141.73893200000003 142.17371400000002
35 95 0.21739099999999212 142.17371400000002 142.391105
35 95 0.21739100000002054 142.391105 142.60849600000003
35 95 0.43478199999998424 142.60849600000003 143.04327800000002
35 95 0.43478200000001266 143.04327800000002 143.47806000000003
35 95 0.43478199999998424 143.47806000000003 143.912842
35 95 0.10869550000001027 143.912842 144.02153750000002
35 95 0.10869550000001027 144.02153750000002 144.13023300000003
35 95 0.10869549999998185 144.13023300000003 144.23892850000001
35 95 0.10869550000001027 144.23892850000001 144.34762400000002
35 95 0.43478199999998424 144.34762400000002 144.782406
35 95 0.43478200000001266 144.782406 145.21718800000002
35 95 0.43478200000001266 145.21718800000002 145.65197000000003
35 95 0.21739099999999212 145.65197000000003 145.86936100000003
35 95 0.21739099999999212 145.86936100000003 146.08675200000002
35 95 0.43478200000001266 146.08675200000002 146.52153400000003
35 95 0.43478199999998424 146.52153400000003 146.95631600000002
35 95 0.43478200000001266 146.95631600000002 147.39109800000003
35 95 0.10869549999998185 147.39109800000003 147.4997935
35 95 0.10869550000001027 147.4997935 147.60848900000002
35 95 0.10869550000001027 147.60848900000002 147.71718450000003
35 95 0.10869549999998185 147.71718450000003 147.82588
35 95 0.43478200000001266 147.82588 148.26066200000002
35 95 0.43478199999998424 148.26066200000002 148.695444
35 95 0.43478200000001266 148.695444 149.13022600000002
35 95 0.21739099999999212 149.13022600000002 149.347617
35 95 0.21739100000002054 149.347617 149.56500800000003
35 95 0.43478199999998424 149.56500800000003 149.99979000000002
35 95 0.43478200000001266 149.99979000000002 150.43457200000003
35 95 0.43478199999998424 150.43457200000003 150.86935400000002
35 95 0.10869550000001027 150.86935400000002 150.97804950000003
35 95 0.10869550000001027 150.97804950000003 151.08674500000004
35 95 0.10869549999998185 151.08674500000004 151.19544050000002
35 95 0.10869550000001027 151.19544050000002 151.30413600000003
35 95 0.43478199999998424 151.30413600000003 151.738918
35 95 0.43478200000001266 151.738918 152.17370000000003
35 95 0.43478200000001266 152.17370000000003 152.60848200000004
35 95 0.43478199999998424 152.60848200000004 153.04326400000002
35 95 0.43478200000001266 153.04326400000002 153.47804600000003
35 95 0.43478199999998424 153.47804600000003 153.91282800000002
35 95 0.43478200000001266 153.91282800000002 154.34761000000003
35 95 0.10869549999998185 154.34761000000003 154.4563055
35 95 0.10869550000001027 154.4563055 154.56500100000002
35 95 0.10869550000001027 154.56500100000002 154.67369650000003
35 95 0.10869549999998185 154.67369650000003 154.78239200000002
35 95 0.43478200000001266 154.78239200000002 155.21717400000003
35 95 0.43478199999998424 155.21717400000003 155.651956
35 95 0.43478200000001266 155.651956 156.08673800000003
35 95 0.21739099999999212 156.08673800000003 156.30412900000002
35 95 0.21739100000002054 156.30412900000002 156.52152000000004
35 95 0.43478199999998424 156.52152000000004 156.95630200000002
35 95 0.43478200000001266 156.95630200000002 157.39108400000003
35 95 0.43478199999998424 157.39108400000003 157.82586600000002
35 95 0.10869550000001027 157.82586600000002 157.93456150000003
35 95 0.10869549999998185 157.93456150000003 158.043257
35 95 0.10869550000001027 158.043257 158.15195250000002
35 95 0.10869550000001027 158.15195250000002 158.26064800000003
35 95 0.43478199999998424 158.26064800000003 158.69543000000002
35 95 0.43478200000001266 158.69543000000002 159.13021200000003
35 95 0.43478199999998424 159.13021200000003 159.564994
35 95 0.21739100000002054 159.564994 159.78238500000003
35 95 0.21739099999999212 159.78238500000003 159.99977600000003
35 95 0.43478200000001266 159.99977600000003 160.43455800000004
35 95 0.43478199999998424 160.43455800000004 160.86934000000002
35 95 0.43478200000001266 160.86934000000002 161.30412200000004
35 95 0.10869549999998185 161.30412200000004 161.41281750000002
35 95 0.10869550000001027 161.41281750000002 161.52151300000003
35 95 0.10869550000001027 161.52151300000003 161.63020850000004
35 95 0.10869549999998185 161.63020850000004 161.73890400000002
35 95 0.43478200000001266 161.73890400000002 162.17368600000003
35 95 0.43478199999998424 162.17368600000003 162.60846800000002
35 95 0.43478200000001266 162.60846800000002 163.04325000000003
35 95 0.21739099999999212 163.04325000000003 163.26064100000002
35 95 0.21739099999999212 163.26064100000002 163.478032
35 95 0.43478200000001266 163.478032 163.91281400000003
35 95 0.43478200000001266 163.91281400000003 164.34759600000004
35 95 0.43478199999998424 164.34759600000004 164.78237800000002
35 95 0.10869550000001027 164.78237800000002 164.89107350000003
35 95 0.10869549999998185 164.89107350000003 164.99976900000001
35 95 0.10869550000001027 164.99976900000001 165.10846450000003
35 95 0.10869550000001027 165.10846450000003 165.21716000000004
35 95 0.43478199999998424 165.21716000000004 165.65194200000002
35 95 0.43478200000001266 165.65194200000002 166.08672400000003
35 95 0.43478199999998424 166.08672400000003 166.52150600000002
35 95 0.43478200000001266 166.52150600000002 166.95628800000003
35 95 0.43478199999998424 166.95628800000003 167.39107
35 95 0.43478200000001266 167.39107 167.82585200000003
35 95 0.43478200000001266 167.82585200000003 168.26063400000004
35 95 0.10869549999998185 168.26063400000004 168.36932950000002
35 95 0.10869550000001027 168.36932950000002 168.47802500000003
35 95 0.10869549999998185 168.47802500000003 168.5867205
35 95 0.10869550000001027 168.5867205 168.69541600000002
35 95 0.43478200000001266 168.69541600000002 169.13019800000004
35 95 0.43478199999998424 169.13019800000004 169.56498000000002
35 95 0.43478200000001266 169.56498000000002 169.99976200000003
35 95 0.21739099999999212 169.99976200000003 170.21715300000002
35 95 0.21739099999999212 170.21715300000002 170.43454400000002
35 95 0.43478200000001266 170.43454400000002 170.86932600000003
35 95 0.43478199999998424 170.86932600000003 171.304108
35 95 0.43478200000001266 171.304108 171.73889000000003
35 95 0.10869550000001027 171.73889000000003 171.84758550000004
35 95 0.10869549999998185 171.84758550000004 171.95628100000002
35 95 0.10869550000001027 171.95628100000002 172.06497650000003
35 95 0.10869550000001027 172.06497650000003 172.17367200000004
35 95 0.43478199999998424 172.17367200000004 172.60845400000002
35 95 0.43478200000001266 172.60845400000002 173.04323600000004
35 95 0.43478199999998424 173.04323600000004 173.47801800000002
35 95 0.21739100000002054 173.47801800000002 173.69540900000004
35 95 0.21739099999999212 173.69540900000004 173.91280000000003
35 95 0.43478199999998424 173.91280000000003 174.34758200000002
35 95 0.43478200000001266 174.34758200000002 174.78236400000003
35 95 0.43478199999998424 174.78236400000003 175.217146
35 95 0.10869550000001027 175.217146 175.32584150000002
35 95 0.10869550000001027 175.32584150000002 175.43453700000003
35 95 0.10869549999998185 175.43453700000003 175.54323250000002
35 95 0.10869550000001027 175.54323250000002 175.65192800000003
35 95 0.43478200000001266 175.65192800000003 176.08671000000004
35 95 0.43478199999998424 176.08671000000004 176.52149200000002
35 95 0.43478200000001266 176.52149200000002 176.95627400000004
35 95 0.21739099999999212 176.95627400000004 177.17366500000003
35 95 0.21739099999999212 177.17366500000003 177.39105600000002
35 95 0.43478200000001266 177.39105600000002 177.82583800000003
35 95 0.43478199999998424 177.82583800000003 178.26062000000002
35 95 0.43478200000001266 178.26062000000002 178.69540200000003
35 95 0.10869550000001027 178.69540200000003 178.80409750000004
35 95 0.10869549999998185 178.80409750000004 178.91279300000002
35 95 0.10869550000001027 178.91279300000002 179.02148850000003
35 95 0.10869549999998185 179.02148850000003 179.130184
35 95 0.43478200000001266 179.130184 179.56496600000003
35 95 0.43478200000001266 179.56496600000003 179.99974800000004
35 95 0.43478199999998424 179.99974800000004 180.43453000000002
35 95 0.43478200000001266 180.43453000000002 180.86931200000004
